100
15715 64831 13867 40471 91198 31415 20103 20099 20296 46466 64913 15580 20126 20113 28020 13999 64998 20345 40980 15567 32940 39873 64898 81115 73707 87625 95039 44180 43490 39123 81117 38269 81064 37623 20145 20321 14827 64975 24798 47021 20336 20256 45399 64997 64792 14169 28637 64798 93125 44736 64890 34064 64766 64982 97190 31891 99049 89339 81075 15746 50276 14219 32372 36322 41496 35670 30939 20143 15551 15562 24035 45900 64916 42813 64886 35134 81085 20299 64763 20273 34493 26989 30311 13838 36986 14260 18199 20101 20151 29737 27509 42156 25577 26349 81065 15679 29117 33549 81135 64874
67418 16062 40705 91377 31522 22608 22563 22747 46621 67449 14697 22618 22612 28184 15059 67547 22804 41055 14654 33146 40176 67442 82391 73842 87861 95241 44393 43675 39452 82402 38360 82250 37857 22666 22776 14978 67506 24938 47138 22803 22693 45580 67545 67388 15265 28796 67390 93391 44898 67440 34197 67381 67537 97330 32050 99228 89503 82367 14451 50420 15381 32493 36461 41662 35758 31101 22624 14502 14551 24208 45951 67464 42965 67434 35205 82381 22765 67378 22719 34648 27134 30389 15802 37129 15530 18379 22594 22675 29835 27599 42386 25830 26468 82307 14383 29323 33664 82423 67429
65565 59242 91800 54328 68340 67815 71018 62143 48972 66733 68967 68759 52739 63490 49097 72194 59545 66315 55254 58775 48961 85259 74435 88155 95678 61223 60895 58449 85269 58151 85192 57773 69672 71592 63155 49026 51407 62443 71914 70292 61591 49079 47472 63888 53012 47492 93812 61434 47806 55853 47550 49036 97803 54681 99710 89908 85218 67615 50865 64320 54969 56952 59861 56696 54129 69417 65931 66089 51141 61833 48982 60536 47746 56387 85246 71272 48233 70724 56124 52263 53814 65166 57453 64553 62893 68048 69958 53569 52483 60164 51782 52008 85207 67119 53315 55452 85275 47736
40520 91218 31446 20756 20740 20849 46521 65725 16030 20773 20767 28110 14068 65863 20874 40998 16007 32974 39946 65687 81395 73729 87687 95046 44298 43517 39221 81401 38296 81300 37706 20823 20863 14835 65749 24820 47056 20866 20847 45428 65804 65538 14181 28665 65539 93208 44796 65668 34095 65531 65785 97217 31920 99094 89366 81327 16065 50322 14256 32408 36376 41555 35684 30971 20816 15937 15984 24076 45920 65744 42832 65649 35141 81362 20862 65493 20848 34589 27035 30332 13871 37007 14305 18301 20742 20835 29765 27547 42173 25618 26383 81306 16043 29138 33574 81436 65627
90912 10025 40748 40737 40844 5035 59298 40650 40793 40781 7527 40418 59379 40915 2515 40631 11471 3221 59279 78626 73394 87114 94797 5017 4963 3152 78627 3090 78523 3041 40819 40890 40406 59326 12779 13552 40893 40823 5033 59332 59165 40440 7853 59202 92629 5023 59276 12319 59133 59328 96673 10468 98765 88971 78562 40718 49964 40448 10950 2873 2526 2820 9750 40808 40599 40615 23657 5034 59322 4953 59273 2778 78603 40876 59084 40838 3752 6686 9200 40472 2953 40466 40354 40746 40821 8670 7029 2534 5902 6296 78528 40651 8227 11886 78695 59250
90586 91483 91475 91626 91055 91844 91354 91518 91488 90459 91115 91932 91704 90916 91335 90724 90896 91833 92028 90267 86560 94125 91026 91017 90889 92056 90864 91979 90862 91540 91644 91113 91884 90310 91068 91666 91571 91029 91918 91775 91178 90462 91782 76 91028 91815 90779 91744 91912 96149 90594 98118 48 91996 91474 90272 91184 90628 90841 90943 90804 90571 91535 91299 91309 90283 91052 91882 90998 91810 90792 92022 91627 91720 91614 90780 90444 90540 91199 90846 91192 91089 91478 91558 90525 90457 90959 90363 90366 91988 91369 90522 90752 92082 91801
31618 31569 31723 10258 54464 31491 31626 31620 1521 31401 54612 31766 10052 31487 760 10024 54452 76772 73020 86782 94489 10182 10158 10022 76799 10010 76715 9999 31672 31738 31391 54551 12499 13393 31761 31696 10209 54610 54262 31402 1689 54293 92390 10202 54420 837 54255 54600 96354 510 98427 88616 76725 31523 49719 31407 531 9983 10102 9978 644 31650 31467 31468 23330 10240 54528 10130 54368 9953 76731 31737 54253 31718 9941 1161 2016 31431 9998 31412 31375 31609 31693 1947 1390 10112 5689 1042 76719 31505 1802 803 76827 54347
16796 17166 46662 68415 21935 16122 16092 28232 19161 68659 17296 41107 21638 33201 40259 68394 83041 73940 87902 95333 44475 43823 39507 83044 38492 82986 37954 16345 17224 18818 68511 24981 47200 17237 17133 45649 68638 68326 19490 28853 68329 93450 45030 68384 34240 68308 68615 97399 32107 99375 89545 83005 22845 50457 19706 32584 36579 41707 35885 31153 16340 20896 21349 24294 46044 68462 43139 68359 35343 83015 17214 68297 17144 34717 27170 30511 20494 37179 19954 18506 16248 16365 29950 27656 42489 25915 26522 83003 22376 29358 33696 83099 68358
16962 46633 67911 21873 16832 16799 28196 19114 67983 17030 41066 21623 33176 40253 67906 82667 73909 87881 95291 44415 43744 39468 82693 38475 82540 37882 16882 16987 18775 67918 24965 47146 17006 16909 45596 67951 67767 19481 28828 67794 93412 44940 67901 34228 67748 67945 97349 32069 99303 89530 82583 22823 50427 19684 32530 36534 41702 35836 31120 16855 20888 21304 24250 46004 67914 43040 67884 35278 82608 16971 67744 16939 34709 27160 30483 20382 37148 19899 18447 16773 16888 29882 27621 42448 25878 26500 82554 22313 29343 33682 82715 67832
46870 71072 22195 17506 17426 28366 19320 71198 16729 41253 21794 33299 40309 71071 83963 74138 88017 95486 44623 44082 39605 83977 38784 83885 38091 17917 16719 18965 71104 25308 47355 16728 16636 45761 71193 70939 19610 28963 70960 93591 45233 71049 34346 70903 71191 97634 32216 99567 89710 83933 22904 50573 19799 32784 36741 41877 36030 31282 17665 21234 21503 24487 46239 71091 43255 71031 35478 83937 16533 70896 16513 34847 27329 30676 20593 37282 20065 18628 17067 18036 30102 27776 42594 26101 26799 83918 22509 29556 33873 84013 71026
62237 46575 46681 46668 7735 46388 62345 46918 5183 46570 11714 4950 62208 79966 73576 87468 94927 3580 3552 4871 79992 4707 79942 4625 46756 46896 46374 62310 13026 13756 46898 46852 3406 62317 62099 46404 8069 62108 92912 3590 62178 12395 62097 62316 96981 10667 98979 89146 79954 46631 50142 46443 11200 4439 5329 4253 9935 46744 46534 46561 23928 3412 62272 3481 62151 4068 79963 46893 62087 46861 3937 6848 9445 46503 4508 46447 46348 46644 46839 8997 7341 5411 6098 6433 79947 46578 8371 12152 79998 62148
66867 69070 68830 52797 63673 48031 72303 59740 66547 55341 58861 47946 85798 74523 88234 95777 61273 61024 58583 85808 58231 85707 57872 69755 71675 63273 47871 51539 62591 72032 70379 61672 48018 48761 64118 53102 48873 93875 61484 49318 55945 48505 48017 97877 54788 99757 90041 85738 67679 50910 64366 55097 57172 59950 56815 54156 69464 65978 66159 51208 61920 47831 60649 49240 56463 85773 71369 48359 70837 56213 52316 53947 65350 57616 64688 62967 68142 70039 53635 52611 60209 51801 52146 85715 67263 53394 55575 85817 49120
22005 21966 28167 15047 66981 22288 41042 14379 33142 40101 66812 82134 73783 87807 95231 44366 43609 39332 82146 38333 82010 37803 22093 22245 14924 66923 24907 47123 22249 22158 45477 66949 66680 15230 28790 66725 93301 44883 66796 34115 66679 66946 97325 32018 99193 89484 82092 14710 50396 15325 32476 36422 41640 35740 31030 22018 14482 14336 24169 45936 66883 42913 66763 35200 82129 22202 66678 22160 34635 27125 30370 15767 37065 15456 18352 21930 22102 29805 27581 42292 25772 26441 82058 14683 29220 33633 82163 66758
16130 28300 19196 69311 17611 41137 21683 33228 40273 69022 83364 73957 87936 95375 44502 43875 39516 83371 38596 83227 38024 16491 17521 18848 69217 25150 47254 17561 17495 45673 69306 68957 19521 28872 68960 93479 45116 69010 34263 68935 69280 97426 32158 99409 89593 83257 22862 50479 19724 32626 36653 41796 35908 31216 16471 21037 21382 24375 46096 69197 43228 68999 35352 83305 17515 68934 17504 34772 27175 30565 20533 37200 19985 18562 16299 16506 30014 27692 42498 25940 26572 83255 22413 29411 33705 83375 68989
28261 19166 68922 17482 41112 21662 33222 40271 68812 83187 73948 87910 95359 44499 43850 39513 83190 38593 83102 38022 16394 17453 18832 68877 25039 47226 17462 17300 45669 68886 68727 19518 28869 68755 93458 45096 68790 34252 68719 68879 97400 32115 99382 89591 83123 22853 50474 19721 32597 36613 41732 35898 31210 16389 20955 21377 24303 46089 68861 43177 68764 35344 83148 17438 68703 17376 34762 27172 30533 20524 37193 19969 18553 16259 16466 29959 27663 42496 25934 26544 83115 22401 29387 33699 83213 68763
27909 52852 28434 7567 28154 1558 7441 52789 76027 72902 86679 94262 7695 7686 7397 76036 7389 75963 7386 28338 28399 27900 52814 12434 13265 28409 28346 7711 52837 52723 27999 103 52724 92238 7698 52778 1584 52721 52824 96273 1552 98383 88548 76005 28189 49592 28007 1554 7383 7587 7346 1482 28330 28130 28146 23171 7714 52812 7643 52758 7343 76026 28398 52712 28360 7342 306 434 28102 7385 28019 27890 28209 28344 429 94 7633 5528 981 75972 28174 428 1580 76046 52746
63814 19479 40934 15039 32899 39778 63646 80418 73651 87607 95020 44158 43379 39008 80453 38204 80352 37485 19287 19388 14786 63725 24709 46949 19428 19307 45341 63776 63480 13940 28593 63484 93038 44683 63623 33976 63440 63771 97122 31828 99002 89261 80390 15121 50170 13942 32339 36168 41408 35585 30841 19281 15011 15036 23980 45862 63679 42731 63600 35101 80403 19384 63437 19309 34471 26940 30234 14003 36879 13983 18148 19151 19294 29649 27455 42032 25496 26285 80370 15049 29100 33458 80474 63565
72366 59799 66663 55380 59049 47993 86465 74602 88308 95897 61389 61141 58712 86469 58334 86391 58025 69849 71781 63380 48153 51644 62749 72141 70506 61739 47939 48825 64185 53227 48941 93922 61564 49374 56023 48668 47923 97935 54953 99884 90123 86411 67740 51038 64454 55203 57268 60010 56889 54225 69577 66041 66218 51318 62085 48074 60834 49280 56539 86433 71479 48501 70887 56269 52422 54014 65482 57717 64742 63094 68271 70161 53773 52684 60359 51846 52212 86405 67339 53449 55679 86494 49169
41307 21852 33413 40343 72276 84572 74300 88054 95573 44663 44142 39652 84574 38922 84486 38136 18006 16581 19105 72341 25398 47377 16610 16674 45813 72362 72190 19639 29026 72193 93673 45302 72272 34405 72188 72345 97752 32305 99652 89750 84515 22955 50675 19894 32844 36795 41931 36085 31364 17838 21292 21620 24634 46335 72333 43313 72238 35551 84567 16769 72163 16697 34953 27361 30757 20737 37428 20096 18752 17099 18102 30156 27867 42680 26221 26861 84499 22562 29612 33909 84596 72216
41019 11514 3273 59704 78801 73407 87169 94800 5092 5089 3179 78809 3093 78715 3055 41200 41275 40933 59762 12819 13638 41299 41215 5161 59790 59498 40936 7874 59516 92646 5110 59668 12324 59457 59770 96709 10490 98766 88973 78773 41062 49991 40959 11021 2889 2537 2833 9764 41178 41003 41014 23685 5162 59759 5052 59658 2790 78785 41255 59381 41227 3763 6688 9276 40986 2985 40972 40921 41069 41206 8711 7040 2540 5909 6318 78733 41043 8254 11903 78825 59572
33082 40060 66515 81992 73770 87760 95183 44353 43603 39294 82004 38330 81891 37801 21758 21811 14893 66567 24898 47117 21830 21772 45465 66657 66296 15190 28775 66314 93283 44879 66437 34114 66265 66652 97322 31991 99181 89473 81952 14660 50379 15301 32456 36418 41629 35735 31026 21730 14480 14308 24145 45933 66559 42909 66409 35185 81964 21795 66227 21783 34622 27103 30351 15751 37049 15432 18350 21626 21764 29795 27576 42284 25733 26433 81946 14600 29215 33610 82009 66374
11460 55308 77223 73094 86832 94543 11677 11650 11449 77236 11435 77148 11429 33266 33348 32880 55370 12577 13437 33373 33291 11684 55378 55232 32906 1744 55233 92430 11678 55303 591 55223 55371 96384 853 98555 88686 77161 33174 49741 32925 869 11324 11590 11303 700 33261 32992 33021 23405 11695 55360 11631 55300 11225 77190 33326 55217 33296 11222 1286 2051 32955 11369 32929 32850 33188 33290 1974 1410 11625 5733 1090 77156 33144 1840 585 77247 55272
58860 78479 73361 87102 94788 4890 4881 2149 78490 2146 78435 2464 40275 40336 39682 58972 12757 13551 40337 40294 4911 59035 58739 39781 7846 58764 92627 4903 58830 12279 58722 58976 96641 10453 98750 88965 78462 40225 49959 39831 10916 2396 3285 2348 9715 40274 39961 40025 23619 4942 58932 4880 58823 2751 78467 40312 58714 40299 3736 6640 9185 39906 2426 39871 39672 40256 40286 8621 7015 3311 5899 6261 78458 40154 8221 11868 78494 58802
85660 74510 88233 95763 61267 61001 58565 85679 58225 85638 57851 69737 71625 63223 47961 51522 62582 72003 70358 61652 47976 48729 64103 53099 48860 93871 61480 49312 55935 48502 47974 97871 54764 99755 90026 85658 67678 50908 64351 55087 57040 59941 56753 54154 69461 65961 66152 51196 61882 47956 60615 49178 56451 85659 71362 48340 70816 56210 52311 53921 65301 57589 64679 62965 68133 70032 53608 52608 60202 51796 52144 85647 67246 53390 55573 85693 49109
74667 88418 96080 79465 79290 78419 72413 78284 72546 78163 83580 84224 80307 86069 75182 80142 84361 83754 79751 86321 84964 80595 76263 85138 94013 79633 85600 77409 84796 86172 98024 76943 99933 90232 72621 82502 74827 80815 77046 77946 78899 77795 76657 83469 81597 81765 75019 79912 85877 79224 85515 77660 72690 84122 84656 83865 77566 75612 76534 81263 78055 81040 80224 82903 83637 76437 75909 79158 75265 75408 72571 82224 76342 77318 72421 85366
86583 94140 73494 73480 73335 74691 73281 74621 73225 73994 74236 73620 74561 72793 73587 74290 74081 73556 74593 74383 73670 72963 74416 92113 73523 74486 73101 74348 74572 96172 73041 98229 88441 74648 73893 72729 73676 73081 73178 73425 73163 73010 73966 73746 73751 72778 73558 74535 73477 74479 73152 74655 74167 74334 74101 73141 72869 72986 73722 73180 73695 73612 73938 74005 72985 72899 73429 72843 72865 74637 73811 72983 73096 74714 74464
94080 87401 87387 87087 88419 87074 88379 87034 87957 88033 87578 88248 86604 87502 88038 87974 87447 88288 88104 87615 86687 88113 86569 87405 88174 86879 88084 88277 96139 86801 98108 86511 88404 87868 86592 87617 86813 86961 87190 86959 86780 87954 87725 87737 86603 87459 88246 87209 88173 86935 88412 88019 88077 87975 86923 86663 86716 87665 87020 87618 87551 87896 87973 86712 86675 87204 86614 86658 88400 87821 86699 86862 88438 88167
94867 94841 94776 96123 94753 95910 94752 95429 95516 95013 95794 94193 94942 95538 95459 94900 95866 95640 95029 94290 95668 94138 94896 95752 94584 95596 95851 94036 94490 94064 94083 95951 95266 94169 95035 94497 94717 94801 94641 94453 95377 95084 95100 94190 94912 95782 94833 95725 94629 96053 95497 95584 95472 94613 94231 94425 95044 94741 95036 94962 95323 95458 94377 94257 94827 94217 94221 95940 95237 94327 94545 96126 95721
3338 4823 79470 4682 79382 4550 44541 44647 44147 61296 12945 13671 44652 44571 3559 61346 61195 44168 8002 61197 92887 3384 61256 12368 61192 61328 96816 10600 98884 89009 79417 44403 50113 44172 11111 4375 5231 4161 9878 44505 44301 44311 23831 3565 61287 3443 61243 3957 79429 44635 61145 44608 3840 6789 9383 44197 4448 44175 44143 44472 44543 8927 7273 5389 6037 6388 79403 44380 8345 12040 79479 61235
4792 79363 4657 79251 4540 43912 44085 43357 61039 12944 13668 44129 44035 3496 61061 60856 43394 7980 60880 92863 3372 60962 12359 60840 61043 96797 10595 98799 89005 79264 43739 50099 43420 11086 4291 5221 4129 9833 43889 43571 43577 23818 3530 61031 3436 60951 3954 79276 44083 60836 44051 3839 6778 9344 43498 4444 43429 43324 43789 43935 8924 7234 5379 6004 6386 79263 43636 8320 11994 79374 60897
78423 2107 78382 2438 39562 39615 38990 58638 12736 13545 39627 39568 4843 58699 58353 39024 7845 58387 92571 4831 58534 12267 58350 58681 96607 10443 98744 88913 78388 39454 49932 39056 10898 2377 3182 2333 9673 39552 39266 39280 23594 4847 58603 4791 58460 2720 78416 39612 58340 39600 3725 6610 9178 39131 2411 39064 38959 39493 39566 8533 6984 3209 5883 6253 78385 39433 8220 11866 78425 58455
78293 72556 78181 83587 84226 80314 86072 75220 80169 84391 83758 79807 86332 84970 80644 76282 85139 94015 79640 85607 77438 84830 86179 98025 76953 99943 90234 72628 82510 74860 80830 77095 77960 78947 77835 76683 83470 81663 81862 75032 79913 85917 79226 85526 77717 72696 84132 84715 83874 77569 75620 76552 81264 78081 81051 80242 82919 83656 76447 75929 79195 75287 75427 72590 82232 76351 77365 72422 85369
78202 2433 38656 38896 38200 58250 12735 13543 38914 38719 4687 58317 58086 38217 7827 58098 92541 4683 58206 12256 58082 58294 96583 10430 98740 88903 78257 38451 49930 38238 10875 2358 3136 2294 9644 38642 38314 38329 23586 4706 58241 4637 58200 2700 78277 38855 58057 38764 3723 6595 9167 38275 2397 38259 38199 38490 38683 8526 6915 3149 5869 6233 78219 38334 8190 11854 78352 58170
78096 83497 84173 80274 85993 75078 80065 84297 83687 79710 86254 84874 80479 76100 85056 93946 79510 85572 77370 84733 86119 97936 76900 99887 90185 72501 82424 74764 80715 77006 77932 78860 77734 76577 83394 81461 81725 74873 79829 85831 79199 85373 77634 72526 84024 84600 83791 77469 75454 76493 81171 77972 80885 80195 82757 83622 76370 75680 79021 75244 75371 72494 82178 76291 77253 72562 85307
38048 38125 37472 57955 12717 13537 38128 38067 4561 58015 57760 37494 7812 57771 92513 4560 57802 12242 57726 57982 96580 10408 98725 88896 78143 37876 49907 37532 10829 2088 3057 2281 9565 38037 37732 37765 23582 4614 57951 4526 57786 2680 78151 38115 57721 38074 3721 6594 9139 37657 2102 37568 37457 37904 38061 8491 6903 3080 5845 6220 78126 37839 8182 11852 78183 57775
17990 18913 69791 25187 47290 18003 17865 45691 69845 69655 19545 28895 69665 93501 45148 69702 34280 69632 69794 97537 32163 99446 89645 83517 22875 50518 19742 32684 36671 41814 35946 31228 16143 21100 21416 24394 46179 69790 43237 69699 35399 83528 17961 69585 17875 34793 27197 30629 20542 37224 19999 18567 16315 16166 30047 27752 42509 25995 26615 83498 22455 29443 33767 83604 69680
19034 71760 25319 47371 16561 16646 45804 71777 71557 19621 28971 71570 93624 45244 71614 34377 71523 71762 97660 32272 99576 89726 84198 22914 50631 19868 32820 36771 41895 36064 31303 17738 21287 21562 24619 46268 71687 43310 71605 35529 84222 16745 71490 16692 34934 27344 30694 20604 37336 20077 18691 17086 18060 30131 27801 42606 26112 26815 84197 22549 29587 33892 84228 71597
63330 24682 46940 19059 18950 45336 63350 63119 14790 28551 63120 93007 44682 63199 33970 63109 63341 97091 31803 98997 89251 80298 15010 50167 14804 32335 36136 41339 35560 30821 18857 14847 14884 23943 45850 63316 42723 63196 35026 80304 18974 63100 18955 34456 26885 30219 14831 36857 14822 18140 18811 18921 29639 27438 42005 25450 26243 80280 14966 29084 33443 80315 63191
51579 62633 72117 70451 61684 48127 48790 64129 53206 48908 93901 61511 49325 55958 48536 48081 97908 54848 99785 90090 86022 67711 50944 64412 55156 57233 59977 56859 54166 69497 66003 66167 51280 61992 47875 60716 49264 56478 86041 71395 48443 70861 56248 52341 53990 65366 57674 64697 63025 68170 70066 53733 52624 60304 51816 52148 86017 67296 53433 55649 86110 49141
13043 25385 25208 12964 51630 51374 24710 12443 51388 92144 12950 51519 12632 51368 51606 96195 12518 98298 88470 75122 24954 49416 24756 12532 12682 12828 12675 12487 25161 24822 24851 22958 12993 51540 12904 51504 12658 75163 25312 51351 25228 12653 12420 12482 24799 12684 24770 24655 24975 25193 12457 12421 12832 12399 12402 75111 24916 12444 12582 75231 51429
47375 47320 13709 62705 62433 46951 13279 62435 92934 13698 62552 13446 62421 62704 97069 13421 98981 89148 80119 47139 50146 46978 13433 13477 13639 13468 13343 47279 47104 47107 23930 13728 62606 13655 62532 13467 80131 47359 62420 47335 13451 13139 13339 47043 13500 46993 46938 47175 47318 13328 13145 13645 13080 13107 80101 47127 13295 13445 80170 62465
16649 45805 72131 71869 19627 29024 71909 93670 45247 71995 34388 71856 72122 97671 32280 99611 89747 84325 22915 50653 19880 32828 36772 41899 36084 31340 17807 21290 21595 24620 46322 72062 43311 71989 35545 84336 16751 71828 16693 34948 27358 30725 20618 37368 20087 18729 17098 18084 30134 27803 42619 26122 26860 84304 22560 29598 33908 84453 71926
45725 70500 70230 19589 28949 70245 93545 45209 70341 34313 70192 70463 97562 32202 99546 89687 83712 22890 50539 19752 32736 36689 41835 36026 31252 17651 21210 21452 24443 46191 70449 43246 70322 35433 83719 16641 70180 16615 34820 27311 30638 20583 37279 20029 18596 17032 18010 30061 27768 42528 26073 26655 83710 22491 29492 33807 83779 70297
61733 61589 45343 8017 61590 92897 3581 61631 12378 61588 61721 96835 10626 98936 89115 79714 45581 50127 45357 11171 4429 5261 4218 9910 45685 45431 45456 23892 3392 61673 3468 61623 4013 79748 45792 61573 45729 3877 6813 9416 45417 4474 45375 45310 45618 45723 8969 7294 5394 6076 6401 79713 45531 8356 12052 79820 61595
48809 64164 53215 48930 93920 61517 49337 56021 48627 47889 97918 54941 99829 90115 86303 67725 51027 64451 55202 57265 59996 56876 54197 69561 66007 66189 51308 62020 48064 60760 49277 56516 86304 71459 48483 70883 56254 52400 54005 65436 57700 64720 63087 68228 70133 53758 52653 60348 51841 52191 86266 67323 53448 55675 86347 49164
63848 52946 47464 93791 61411 47709 55716 47542 48805 97785 54655 99696 89841 84909 67586 50780 64299 54963 56910 59851 56670 54117 69402 65879 66070 51104 61763 48765 60451 47704 56340 84915 71242 48212 70555 56083 52251 53792 65098 57356 64499 62856 68012 69925 53530 52452 60144 51717 51957 84891 67097 53277 55445 85025 47681
28603 63857 93080 44719 64073 34019 63837 64138 97129 31857 99006 89315 80551 15284 50199 13765 32342 36246 41423 35624 30901 19542 15126 15168 23991 45883 64125 42744 64070 35125 80580 19611 63820 19599 34479 26948 30290 14180 36922 13778 18149 19487 19566 29660 27472 42044 25522 26287 80540 15245 29101 33467 80677 64048
52966 92246 8009 53078 1773 52915 53214 96274 1723 98393 88572 76250 28804 49618 28613 1730 7785 7913 7782 1675 28890 28680 28702 23192 8021 53183 7976 53052 7777 76252 28970 52870 28962 7760 325 508 28644 7800 28620 28509 28842 28931 465 100 7954 5567 994 76166 28793 458 1751 76283 53028
93795 61431 47724 55743 47546 48912 97791 54667 99702 89882 85119 67612 50863 64309 54964 56924 59853 56683 54127 69409 65895 66085 51113 61815 48892 60479 47720 56344 85136 71252 48220 70696 56092 52262 53806 65159 57367 64547 62866 68045 69948 53543 52472 60163 51739 51971 85107 67098 53314 55448 85187 47715
92889 93865 92460 93765 93912 96167 92393 98207 54 93975 93405 92127 93097 92409 92495 92664 92494 92282 93494 93239 93263 92138 92904 93888 92710 93864 92464 93983 93603 93716 93558 92462 92214 92271 93126 92511 93122 92974 93428 93531 92264 92216 92675 92149 92191 93952 93381 92247 92435 94032 93855
61474 12373 61395 61512 96818 10606 98929 89014 79598 44922 50121 44724 11124 4426 5254 4163 9894 45136 44866 44871 23838 3589 61496 3463 61472 3992 79631 45235 61390 45221 3858 6797 9404 44745 4455 44734 44676 44959 45178 8931 7274 5392 6056 6398 79513 44886 8347 12048 79652 61464
55905 47677 49334 97864 54750 99753 90000 85592 67657 50900 64343 55062 57021 59939 56725 54152 69451 65950 66115 51160 61854 49323 60593 47525 56397 85596 71346 48323 70791 56209 52300 53910 65281 57563 64647 62937 68091 70009 53598 52569 60181 51794 52113 85586 67183 53382 55532 85632 47515
55714 55975 96466 864 98581 88726 77392 34223 49769 34048 941 12222 12329 12218 746 34267 34107 34111 23448 12394 55953 12349 55883 12198 77400 34352 55694 34345 12194 1355 2073 34065 12231 34062 33941 34235 34299 1991 1477 12345 5761 1124 77374 34147 1936 619 77468 55875
48614 97777 54641 99676 89804 84763 67582 50696 64283 54959 56894 59824 56658 54092 69393 65875 66058 51072 61762 48523 60420 47592 56297 84781 71220 48196 70518 56067 52249 53783 65054 57340 64492 62759 68003 69881 53497 52451 60077 51694 51927 84740 67073 53270 55418 84863 47584
97917 54923 99810 90096 86130 67719 51017 64443 55190 57246 59995 56868 54175 69519 66004 66188 51305 62004 48038 60755 49268 56503 86148 71422 48475 70878 56250 52362 54003 65424 57695 64700 63084 68219 70089 53742 52630 60336 51821 52155 86126 67298 53443 55669 86253 49151
96364 94073 96147 98009 97342 96173 97149 96368 96527 96718 96495 96341 97504 97218 97302 96178 96959 97878 96772 97835 96488 98019 97638 97767 97563 96485 96229 96330 97215 96535 97163 97086 97377 97550 96328 96244 96747 96200 96223 97976 97326 96291 96465 98031 97808
98460 88621 76936 32068 49730 31870 580 10344 10503 10327 664 32161 31933 31981 23335 10659 54790 10570 54730 10280 76940 32257 54614 32209 10263 1195 2022 31893 10350 31875 31772 32090 32174 1960 1399 10522 5723 1045 76911 32042 1805 854 76986 54701
98111 99925 99241 98275 99017 98510 98672 98768 98668 98426 99421 99119 99153 98281 98971 99772 98781 99718 98626 99927 99573 99662 99548 98613 98363 98414 99066 98712 99035 98992 99307 99501 98407 98375 98774 98323 98336 99889 99225 98405 98565 99982 99711
90216 89524 88452 89319 88680 88826 88988 88809 88614 89643 89420 89472 88454 89121 90059 89002 89973 88795 90218 89722 89760 89693 88745 88504 88607 89341 88887 89334 89216 89531 89670 88580 88537 88994 88471 88499 90204 89502 88579 88692 90254 89910
82490 74789 80747 77033 77934 78865 77753 76593 83425 81476 81759 74974 79880 85859 79207 85397 77649 72404 84040 84624 83851 77483 75539 76515 81232 78024 80996 80210 82880 83633 76394 75813 79054 75257 75395 72370 82204 76296 77278 72660 85336
50421 15399 32518 36527 41670 35816 31116 22870 14504 14581 24214 45975 67681 43033 67644 35217 82499 22912 67563 22903 34662 27153 30417 15929 37136 15547 18443 22842 22887 29870 27602 42412 25845 26477 82480 14417 29341 33673 82531 67638
50223 49738 49857 50009 49833 49694 50486 50323 50337 49392 50137 50921 50068 50889 49828 74817 50606 50681 50560 49815 49522 49681 50304 49870 50249 50148 50447 50521 49665 49523 50040 49457 49502 74769 50415 49637 49743 74869 50874
32350 36272 41443 35650 30921 19727 15288 15292 23995 45884 64408 42786 64336 35129 80760 19812 64264 19797 34481 26962 30293 14252 36933 13793 18166 19703 19749 29664 27474 42077 25539 26290 80722 15360 29102 33474 80884 64326
10744 11029 10714 678 32628 32422 32433 23355 11187 55126 11075 54996 10712 77043 32807 54958 32780 10687 1269 2033 32385 10806 32365 32310 32539 32693 1973 1401 11053 5727 1068 77024 32483 1839 912 77111 54975
2907 2256 9541 36660 36392 36402 23562 4431 57224 4288 57014 2662 77941 36762 56892 36705 3658 6576 9068 36340 2084 36296 36128 36555 36679 8430 6879 2926 5827 6213 77933 36460 8159 11766 77963 57012
2845 9766 41804 41570 41619 23722 5264 59967 5209 59896 2796 78888 41885 59807 41849 3789 6733 9308 41507 3004 41472 41310 41703 41830 8764 7045 2470 5935 6324 78863 41656 8267 11953 79017 59875
9540 35919 35688 35698 23524 4231 56823 4117 56704 2562 77774 36048 56642 36029 3611 6568 9053 35679 2280 35669 35555 35859 35993 8420 6871 2848 5813 6200 77738 35757 8143 11742 77854 56702
31217 30993 31015 23255 9913 54159 9788 54150 9537 76613 31286 54085 31271 9488 1136 2014 30945 9564 30928 30760 31147 31232 1941 1379 9779 5669 1023 76586 31079 1791 701 76705 54139
21084 21402 24379 46128 69487 43236 69440 35386 83463 17736 69350 17659 34781 27193 30574 20536 37204 19997 18564 16305 16146 30043 27708 42502 25971 26597 83402 22450 29436 33725 83480 69420
14467 24080 45923 65999 42880 65935 35142 81503 21284 65871 21219 34597 27093 30342 15749 37042 15416 18333 20890 21170 29774 27557 42187 25621 26387 81473 14501 29155 33577 81720 65933
24141 45930 66161 42900 66114 35172 81760 21543 66052 21470 34619 27097 30350 15750 37048 15422 18349 21335 21422 29787 27564 42273 25681 26428 81741 14537 29161 33589 81864 66103
23916 51233 23781 51156 23507 75004 24539 51047 24460 23500 23052 23242 24066 23577 24011 23931 24267 24403 23238 23136 23746 22987 23028 74881 24206 23227 23419 75072 51142
61976 3473 61852 4059 79891 46264 61755 46224 3897 6842 9431 45913 4487 45892 45822 46024 46186 8982 7330 5405 6086 6403 79833 45949 8363 12071 79921 61842
60678 49263 56465 85864 71383 48431 70843 56242 52334 53974 65356 57620 64689 63017 68167 70051 53662 52619 60294 51807 52147 85837 67283 53419 55642 85975 49132
60574 3946 79219 43264 60411 43254 3817 6776 9335 42831 4443 42807 42701 43074 43238 8886 7205 5332 5969 6344 79200 42951 8302 11985 79227 60561
56392 85512 71324 48286 70785 56163 52291 53858 65245 57528 64618 62918 68087 69986 53590 52539 60170 51790 52096 85385 67137 53377 55502 85570 47499
77654 35487 56286 35447 3607 6552 9021 35139 2671 35132 35014 35290 35423 8419 6860 2819 5811 6115 77637 35204 8126 11737 77718 56391
84075 84654 83862 77549 75540 76532 81238 78048 81011 80217 82890 83636 76411 75850 79119 75262 75406 72376 82213 76299 77314 72711 85356
71212 16519 34895 27342 30688 20598 37334 20067 18639 17078 18058 30126 27797 42597 26105 26805 84036 22529 29580 33874 84143 71276
70516 56064 52224 53781 65020 57301 64471 62752 67993 69864 53480 52428 60065 51662 51916 84620 67055 53267 55417 84717 48266
34833 27328 30640 20590 37281 20037 18615 17062 18012 30077 27769 42551 26087 26694 83848 22503 29533 33821 83876 70738
6515 9004 34573 3691 34485 34425 34716 34802 8376 6859 3796 5765 6114 77475 34640 8074 11730 77578 56125
382 26997 6592 26968 26862 27162 27227 343 211 6756 5476 944 75509 27128 330 1310 75641 52286
30319 9125 30300 30217 30507 30635 155 399 9311 5652 1016 76509 30376 114 2053 76556 53836
36987 14301 18252 20467 20562 29759 27531 42165 25581 26381 81173 15777 29125 33558 81297 65224
36939 36844 37153 37230 8481 6899 3032 5840 6216 77992 37123 8162 11823 78086 57474
18186 19903 20022 29711 27484 42091 25555 26316 80988 15502 29107 33486 81060 64612
18467 18572 29637 27418 41950 25415 26237 80202 18367 29044 33442 80263 62899
16326 29943 27654 42455 25910 26505 82839 22362 29350 33685 82948 68054
30056 27764 42522 26040 26654 83626 22463 29457 33777 83661 69959
393 8780 5630 1003 76386 29816 112 1987 76488 53576
7063 5523 964 75739 27595 390 1420 75955 52532
5949 6331 79049 42358 8285 11955 79197 60166
5467 75252 25823 5619 5734 75292 51785
75384 26443 998 1117 75442 52081
82184 76294 77260 72598 85316
29265 33653 82247 67120
1905 76369 53334
77369 55453
85371
