20
539 397 981 151 786 872 166 268 461 325 210 123 258 230 302 700 342 702 241 701
480 917 527 723 806 530 509 484 513 487 540 508 488 512 547 514 569 489 551
919 393 725 807 394 372 356 378 357 400 371 363 377 570 379 576 368 573
976 905 1000 978 946 933 951 934 982 945 938 950 986 953 991 941 990
775 868 126 262 451 304 193 153 245 221 284 677 332 681 233 679
802 785 766 737 771 742 789 763 755 767 791 774 799 756 793
871 845 809 863 812 876 839 815 861 881 865 904 820 893
264 452 318 202 169 251 229 298 684 341 690 238 689
441 102 179 274 10 46 98 630 122 635 3 632
449 415 463 438 427 443 577 450 583 432 581
184 330 91 63 15 656 33 662 72 661
219 177 172 182 584 190 594 176 587
260 232 303 713 353 718 243 715
43 87 623 94 627 2 624
48 603 68 609 42 608
647 24 654 71 649
667 467 616 466
672 79 670
622 472
618
