100
59213 16582 40471 51135 49907 77674 28817 25852 18843 9311 90914 44328 34458 78503 50797 30109 67632 95588 14062 81138 13216 5700 9833 19122 40167 60229 12446 15656 51966 44203 26210 62586 89617 89 35178 45810 37263 40976 58981 78621 29019 74494 89194 10271 69089 61791 36618 96611 67192 79808 24659 75797 40103 83731 68364 37043 94296 6431 31591 1232 69675 70851 84065 41459 22490 57187 75513 79697 52417 65442 49184 66466 1360 6066 34226 42981 20991 15477 19626 40749 84625 77447 74422 71289 30855 30881 90993 60247 92431 98169 7962 26489 27661 15838 94686 65133 69043 5618 19781 37791
28768 20767 7040 22489 8986 21611 47200 81396 82994 32287 18303 81989 40003 17848 12792 21033 31329 62980 94723 90095 31191 54809 99607 93775 4815 24098 8689 95815 94959 68991 47825 1468 80935 56282 93297 61213 78768 28689 23171 14476 52938 28546 21969 8861 57195 49565 7245 7347 31682 5364 85673 15986 43434 68971 4442 33943 59021 43824 6612 1625 62855 89248 91307 32326 51029 66371 28767 86471 8093 64841 7301 92230 12856 34917 16654 71697 84239 40316 9128 42205 62954 80053 22846 84843 79105 18612 18593 85442 54763 97952 37513 8981 12428 30994 38744 73691 18352 80681 23541
14285 46655 48318 28592 60303 887 77279 86675 65517 80274 4656 58290 53995 88605 38026 76661 88239 25921 67471 74063 36888 38077 3020 15452 86422 54446 7964 40355 93623 77149 56458 14583 76158 85996 20415 85701 33260 64392 1647 42422 25758 30233 40172 28293 28705 80933 59712 64376 3209 5364 63394 86680 74515 69648 89863 19121 33685 33955 74277 34584 87226 8466 39581 18029 90220 86536 19403 29404 15411 61751 10988 47385 50949 97627 14163 84134 36639 80158 66066 99696 73432 87411 15990 12300 37432 66774 85961 84522 1 59940 47934 73983 63609 70887 76863 94170 36231 68737
68806 32408 34494 18625 83887 13239 6397 28352 61434 85309 73206 49671 13397 64489 30198 40621 2231 2378 12640 96914 81817 86219 26767 27680 18936 91303 63534 43944 94402 28726 31470 29948 21969 52642 60638 17506 28381 58562 78814 60194 43014 78658 83699 13309 97452 59903 38423 75906 76241 63303 66958 41291 5217 55270 34974 20897 51010 99320 42221 67721 5357 31561 69695 96772 13198 79910 74346 82001 89895 44756 89510 29421 14857 10878 84361 81656 38606 41102 9300 60398 2427 93863 12741 26578 55988 61129 16138 20824 81215 55616 23468 52773 40925 7212 59998 75558 73919
60876 80814 42034 14317 31354 86754 38636 41422 44626 93682 57405 13185 34444 30153 60178 40723 2021 58043 29556 18125 68188 58552 92782 70570 37683 96929 82135 17678 27319 64347 94519 28575 37933 69080 62200 94954 46152 26 73727 66956 61541 1072 92658 81017 92258 50076 52352 89655 4240 11607 23530 30606 75642 44643 14008 42075 35736 24468 71618 61603 83647 4528 92208 73646 88474 98247 11343 14373 90225 22209 78711 3898 90704 88744 78805 12837 16145 19970 21224 90688 27517 42122 31248 86664 30739 97290 21903 15488 34047 5352 6524 176 68605 25413 38236 37992
69968 78322 29399 79484 43316 1720 52368 24847 18719 43190 18072 94372 3272 82383 68169 18676 43345 28444 72527 81466 1616 36414 61633 78850 89555 1307 45765 79215 21606 3078 81307 33934 28708 55211 27074 1022 60195 96815 63183 56234 98977 54406 14729 45980 98031 27805 4987 78465 24468 54483 31259 83785 91427 88926 59619 51209 35015 49806 1517 62346 15755 96199 57282 75300 7811 4910 73201 45843 3124 60381 6184 69259 49673 26695 23260 93907 48863 24854 51452 11277 54232 9065 30450 78916 27040 82022 76786 99932 69266 6165 93146 40137 75449 37326 77167
9395 62994 67925 16596 69706 2370 95986 36942 49455 88054 12909 44686 64020 19933 48116 16289 32940 65055 39193 96471 6766 44071 10674 29056 95899 29752 26521 32326 27789 52219 24814 49343 75398 71810 85691 68562 5580 42897 63134 43997 85366 53334 41499 24656 82918 4572 23542 99913 74452 75042 21102 36765 54847 71249 20068 98346 45658 2675 42698 5971 2668 60084 60785 15480 73877 37817 72350 59540 98039 5345 12518 56572 68600 54216 52652 75284 98103 31662 10873 92084 96109 90482 49822 11279 96180 78859 93226 57780 3099 41244 33599 34833 93975 46187
49540 17724 96188 12238 35222 72955 9162 22099 48994 8027 91485 62034 34421 90179 73287 49045 28433 28067 10675 75831 97018 93521 73053 54023 61939 63958 95620 86716 31628 40257 60910 89728 55154 17869 16407 8844 86871 89781 3275 21620 77234 61456 70968 66550 38200 8987 70791 75558 94679 27740 75654 29439 85126 3710 14454 20528 61023 83361 79270 23315 41584 2529 9641 10284 37775 57193 74280 882 96926 11469 86139 64184 59738 44244 8706 59410 17639 18249 90534 60800 16208 74308 30763 26258 77305 14370 39140 77825 87118 72037 54518 33258 16378
42457 76033 85335 72451 55830 72680 98860 89408 70821 33997 88360 50335 52468 63745 2118 9128 11883 31616 36811 45991 36369 7003 92112 36348 44458 59319 13940 56960 31848 49439 97696 14284 9068 60918 36842 93012 25929 72508 34090 20373 11053 72810 71709 67534 29796 98801 86703 49813 31337 71008 55193 70910 97669 82474 59513 57852 42962 20435 9521 95664 28885 42757 79053 4883 86133 57435 50624 82617 74937 49570 64639 68118 73355 45655 78976 91552 53131 17960 72904 56872 94662 5956 10785 43975 84075 2488 74001 46032 15248 13744 52026 27001
40913 57355 69634 94223 63014 97895 88123 35338 22538 49222 37371 15324 47642 18294 87885 81633 43972 7913 50155 17137 9797 16335 76399 15998 46642 57006 92217 39239 83905 50165 91019 44710 55309 12833 76774 80714 48606 67188 52090 30611 47505 51262 3218 40149 49352 69157 29687 15395 71041 13101 46412 82131 9786 89548 90725 70706 20217 23984 1404 14155 32079 20104 82314 64827 69026 99195 17978 3988 94762 62062 29448 55167 70037 85264 20370 61353 17709 31896 63885 55359 24332 28382 63579 56986 11018 98598 13844 63143 78124 6983 33482
74731 39137 39820 60528 75889 17971 31230 37616 80227 62845 53340 68893 29067 14877 85461 90066 25140 21228 71006 69051 85825 4029 56861 66488 96356 78005 36336 19430 79527 22116 89513 83917 7310 39923 38201 4578 4253 61559 39305 52366 46892 53099 50746 97143 70548 28823 59344 41178 53965 66160 54346 10823 2381 44108 29745 41977 40341 3951 42582 84864 44098 59826 76078 52766 21535 18099 78672 75629 68354 90151 55780 61844 90237 68544 47510 19728 53942 84255 65403 82823 30902 97246 80730 43775 62627 25801 14458 13795 77193 96109
87983 12297 94288 57775 41010 26442 85194 98649 13313 71303 91428 82677 59753 6755 37537 12059 85422 51096 2815 40994 78438 26743 47594 51900 22536 72123 81862 41876 40054 78963 94364 64007 9650 63024 30210 99923 46213 88682 70184 513 82826 49201 36111 81408 78110 90161 35196 2587 3967 79914 3634 99205 54128 74571 2980 7677 35193 43889 86737 31885 58897 31380 11596 28525 23067 2461 21252 99153 69327 25815 42359 78141 84381 27172 43488 41994 68902 88439 95419 3746 57616 82166 98173 8813 47683 31067 98160 74604 89499
46985 82554 33953 58910 72594 21917 9657 18073 4983 55293 92766 16505 15380 11961 95150 49474 87495 4130 69649 91338 4545 45348 49829 90996 72470 33762 32623 33376 59046 53311 37691 42999 79691 13157 20612 56368 98429 96729 43577 79195 9043 91564 99346 69094 37406 42128 10664 2429 25006 13084 11556 40834 20371 91249 8882 47525 59559 77673 15248 87596 92204 73946 11603 8649 80203 53758 59682 61123 12547 81776 26525 87889 37066 66 9518 95632 58422 33118 19645 9138 428 30359 34347 88883 98511 3612 72897 58912
52863 77799 71911 24799 42519 27542 54740 1701 52139 10386 2655 75807 22930 69716 25954 11928 36585 64373 47272 10568 96649 81046 79613 79936 85285 60678 93700 89325 73545 57958 60628 84662 66551 32233 82413 54631 23015 58979 73462 69783 82375 68792 26572 31619 70541 88132 5183 86945 67006 85187 41842 30936 11837 35275 11059 67227 39964 22504 23118 57250 964 23223 71138 83111 82606 67943 71421 11991 6319 34791 44093 48859 48164 79192 26153 26889 23445 87962 74832 89216 95940 43352 62412 62591 20595 97469 92262
25483 25820 17780 70250 90650 89958 29853 54950 68648 53365 18931 21286 43911 70726 39315 33301 84762 14244 24206 94310 8354 93912 99751 92904 91932 84682 93558 3773 12960 77762 15272 47273 44033 8375 15959 38702 35004 70186 38209 78408 93211 53815 11631 83754 65744 23208 3878 3064 52479 39049 44356 50206 82231 84120 67451 83215 94573 71601 43360 91695 48412 90299 452 4136 61626 83681 16389 18737 2882 20811 44603 597 44234 94010 34682 30987 44739 19403 63957 25407 35945 84255 36062 7899 14663 47578
76774 49760 37776 87895 68497 66029 76997 73114 40443 89234 75266 93178 50817 86488 70482 68345 47869 89685 2335 9860 68620 50710 75050 11647 46167 94062 4485 97806 24439 22939 80992 43762 71669 40880 27370 35488 24284 61006 47673 49167 30992 20624 82065 6006 73066 23317 58841 44099 49009 48569 33571 63812 42840 53166 60715 5269 37976 28563 81731 29126 11899 95738 5661 12040 64875 25948 49917 72786 40161 51928 50932 58358 21508 10215 35448 93270 18122 4442 67656 35343 20782 40582 98941 41111 24542
53435 61247 22224 81450 4104 68496 45795 16818 91443 35003 7637 90314 59377 7827 35382 34199 30940 5052 92559 48794 66443 45080 83111 28142 69107 86647 11545 29144 21403 4223 75869 32515 95453 38518 25448 8518 39505 6526 42337 54694 7450 2613 80304 97470 35890 80441 18945 48698 41414 51606 48668 61922 39132 69856 70215 17652 23772 39788 47144 22578 85644 25060 63539 42562 50497 46735 71029 10594 31361 63175 5414 98680 86993 92252 14484 3788 73709 81412 66256 85308 51146 7877 48408 83245
44007 33705 26984 32533 90844 42162 16861 81784 77538 82964 19358 96359 31254 581 31430 55089 81597 34122 17309 53335 38449 60813 31900 85514 54432 29157 45761 86186 65559 5425 63624 42882 84382 54706 62209 36124 95882 23287 40682 75734 61482 3709 85079 24428 54783 9226 19632 2833 83901 58537 52167 63166 41365 73166 3656 49415 13679 21189 26862 79047 37783 8594 61099 51564 61656 9286 20929 68990 62770 5688 67811 73013 30328 22294 40194 58465 60141 356 49009 13904 5575 92272 86348
64852 33576 93100 87555 21477 27827 63229 65665 27924 19012 39149 6115 21245 39726 68837 9773 57853 74184 52383 85924 87775 69487 51340 34576 61562 76502 62127 71207 99910 90624 87488 63211 98127 26788 69090 46348 64613 91294 27084 71674 39086 93844 34579 90123 78490 87157 45539 95000 94706 57752 93206 38288 49400 69224 67657 87669 40529 69099 60681 17347 82632 69101 53210 13270 78072 41800 21804 94043 60922 37033 70808 81986 10672 15245 50076 47333 13822 38782 46400 97871 6631 29733
34156 5942 92872 12474 14176 97845 5495 83527 45363 45593 68616 62441 99889 62878 75682 66310 90073 53407 94543 51471 43721 93471 67683 45632 69559 32157 74691 21286 29550 20485 38040 59903 38044 75703 36021 71553 21194 37177 67371 60447 15786 59148 1188 4083 98403 1281 78067 76153 48501 5154 59446 59211 45956 99198 54192 72493 5104 89467 75737 14412 57794 94163 13277 21350 99796 42675 1078 78365 75531 8249 28220 53134 34881 85135 29365 22487 94261 25324 5851 636 60585
33763 80199 12572 33733 53166 49551 75709 54879 22154 74840 26992 95092 17549 58444 3599 91708 51158 90267 54022 97123 49731 71557 1529 17845 90531 66762 30455 17677 44929 58840 47046 66315 63275 78474 95858 53618 54148 97218 83535 52832 40124 21269 29733 67943 29989 16538 95788 7951 74749 71529 58630 60014 94227 50504 11274 40357 89088 15277 53557 78589 42430 89854 70 25221 33886 16940 88995 6467 24530 67817 99410 12160 48936 98363 58259 92398 49194 15923 34167 70580
5509 64374 42556 17068 52655 45147 16067 77546 85088 65599 7939 2960 34335 6636 21896 77713 4950 36721 26719 2953 53708 24948 3391 9748 49523 84413 37353 98681 849 22192 21211 57811 49368 43553 44444 26071 18278 89060 82812 16768 90806 53368 85663 40599 54441 84231 18180 67582 77993 83960 28000 18290 32132 14944 4063 92238 19176 59265 58740 67791 16102 56170 60183 44223 3782 24687 4812 18066 81796 78555 607 58398 9054 82910 80851 20223 79256 44918 87611
85404 65619 50135 56296 89677 62960 82123 81869 54049 99872 52431 25614 877 1096 39380 92460 18727 69865 22748 26879 99599 59870 15567 58181 53615 92461 526 73339 47853 12707 12594 70353 73480 31364 66332 96284 47859 89012 5854 79169 79742 52192 96765 40427 91791 43368 91793 4213 56833 52866 64532 74667 39326 17911 18905 66697 6369 50309 2229 46879 35376 37070 21063 62181 43588 68398 47088 82240 61421 40429 1437 67760 95133 30648 93531 24737 40198 13341
76989 24044 6596 62494 63222 52255 68986 71082 48206 35741 26285 92253 2694 16784 227 39734 4734 64274 82679 96085 60073 76694 39886 98314 5522 74255 86351 268 17560 99987 50374 5710 4959 51540 16891 4949 58797 68322 71047 55344 63007 94730 49146 60101 4668 26672 91714 24672 42263 38185 65319 40094 48024 55331 99081 24629 70999 99603 2704 3735 4346 83306 25973 57284 75332 99255 41711 13991 5532 57805 47746 41030 65527 71098 30577 14988 3916
11654 14552 89563 48192 47120 5418 30897 81432 48897 52520 2954 37977 49007 44291 24906 14479 81506 55972 25975 38967 33445 61051 44271 82797 15230 52221 62637 62763 54714 52035 45280 24398 89561 93203 36023 43676 39479 699 3444 94203 5853 15692 16908 8086 36014 4119 97440 50964 61261 60399 38569 59808 87804 81307 96021 95820 66 42324 25981 29741 71731 32118 86027 19781 95630 25659 35315 99515 14643 27940 26364 26839 7099 35576 72871 270
86824 60174 672 57101 5126 57855 75515 524 93851 48998 61561 33444 83294 83129 57673 47746 88274 43693 53702 74671 10501 83711 90330 17558 35934 27401 9410 52467 32418 87858 16626 46656 38202 83938 51414 99983 59444 11439 58636 39763 55231 38614 75932 84494 75299 63359 4026 42755 36440 41059 8845 52000 76423 45676 78650 24492 89174 79493 72389 6761 36153 51126 83715 90723 91544 4264 70291 96367 14842 82735 99772 61689 93793 81586 83634
90349 19152 6495 55716 35025 83053 54577 22820 62472 49961 52153 58371 57345 55926 55715 83345 60043 13539 63072 22724 74062 69769 48189 37125 99873 63747 41289 76405 46400 87804 40829 27252 61937 81600 34587 92080 22147 14008 1629 99094 55891 46500 16724 58887 70441 80508 54187 97606 73403 57167 18142 70757 60238 96687 76303 87482 63382 36113 31745 24196 33705 10914 91471 54009 24758 22596 4009 89367 23282 14791 21382 7278 22592 94529
61636 49274 64756 54039 27544 86090 34179 83936 28091 8521 22211 55029 70585 23828 48194 1214 81729 21795 42034 93575 54428 58591 80305 33470 29829 26266 97926 78457 71092 61635 7200 92197 96070 31903 85086 16030 17429 9100 68952 86141 85709 86786 19327 86832 1242 71546 24231 27027 74603 79267 79915 39087 54201 71940 37763 80373 80481 58056 74892 26130 74084 32973 51025 98119 17801 89541 87858 22481 4022 72528 61543 44286 66043
58883 40606 80455 98666 15510 67192 33330 9909 8626 22053 21850 87404 58868 68289 63072 25410 71281 38446 67635 78941 70150 40985 10027 94156 63579 56529 44446 68216 79756 11289 9682 63938 81744 75706 59621 38108 29298 77760 26480 33511 43936 39689 67593 69935 86330 75001 11719 93679 88563 404 80534 35188 84624 54552 99649 625 92115 40898 29435 14636 36166 47073 10356 55996 60724 53031 30189 20297 70708 90521 49165 34373
66968 84697 80030 15116 49291 70467 70068 32157 42077 21095 81480 12658 84625 95819 55441 19731 29089 98774 73789 18463 11271 86195 25888 28436 87054 79163 11734 5543 55133 18639 3667 70933 98025 81449 47118 96400 69409 6339 81663 4356 69931 6553 35532 69321 58938 79927 27466 19130 92271 19153 50534 94197 54010 47812 53484 86431 89879 93124 53263 87819 23684 25635 11174 96135 90145 20680 23364 89847 24646 75950 6388
85316 34230 14765 50831 21837 6784 74914 34062 43246 23085 74802 22217 26586 21003 48710 13774 26271 75964 50555 16979 34359 74836 92273 53117 44161 79979 96521 61701 12603 74221 51509 90438 61578 482 65985 59457 28791 42877 33803 52415 60079 99991 49298 15410 95175 96614 48201 14914 54708 50536 70297 11180 91229 86519 56156 1369 87527 85020 2882 6410 37220 68748 36853 11342 37383 6716 45672 30100 91231 97931
37106 80658 34374 14132 30929 23393 13900 137 164 37222 33990 14233 41564 59072 58192 94438 99352 11759 72497 85368 28073 35495 52889 83999 11839 64201 38307 71278 71115 84961 72540 83641 41225 38947 26804 68754 93928 10649 19035 64482 26533 74 24714 9718 93922 10302 54549 34530 40552 42985 56256 71654 90821 94473 97937 1387 37891 6170 1643 61600 55062 90444 98191 41911 69761 2435 2952 18003 54538
1563 23171 65713 67576 16121 31933 46058 22562 83125 44746 91201 36788 92334 50778 6080 34442 75155 59701 6232 86873 44923 45889 15745 72140 23334 5762 12615 72017 57173 85897 57082 89232 99643 14058 51813 33788 81450 12745 2382 62217 69461 8939 20097 69195 55748 29261 87345 91026 35217 93259 25942 91991 3201 34018 48629 63226 8305 35011 63295 12216 36609 91850 29081 2745 18422 2263 64543 5328
56951 4832 80818 22822 7485 21026 15578 1833 38382 83763 1188 37793 15878 74002 72399 91069 38037 97371 59613 55107 23099 8766 37384 31923 29535 33931 38296 42150 98734 18375 86024 70982 74880 86034 70218 83572 38026 77056 54432 67191 50038 42600 8361 11249 94595 50654 47411 40201 35614 62372 68994 26076 63706 48158 19235 6020 88838 278 24150 29093 91179 25281 35460 73130 66233 60454 98694
85639 23305 48733 74354 98642 84488 54210 46811 21969 3680 11274 91678 42418 36879 90063 11046 69512 17238 1741 56826 56894 62298 15135 18060 2701 94738 85556 90008 97283 16269 25147 86098 98457 84184 42641 66398 60214 17845 66318 83545 27667 20416 11151 32390 37284 99088 2745 68759 37473 90395 51008 92040 40613 77345 97282 26977 33782 38304 85173 87690 2977 18116 12315 741 70337 53708
55983 63807 93194 48065 34277 83755 69705 82912 59011 70979 51419 42270 7282 94986 22439 41634 86163 14061 36937 52244 79607 77500 87230 80947 72677 87181 56386 62013 54197 99491 89580 19338 47133 60399 14820 46259 82571 23373 6217 35932 55275 52104 76063 26908 75073 63221 66620 78684 52641 12471 55160 26975 12016 56854 6937 14876 52065 52454 40789 50825 77039 52801 15438 94990 51725
83727 75641 92102 81911 86994 51307 17950 27222 7718 57448 81409 46753 76896 14251 46414 40703 48756 84470 8851 58430 32741 254 5818 54985 11421 1266 47118 4132 30290 36121 38289 51893 40882 69945 89700 31356 62663 98248 4490 92353 20024 78656 92008 64673 58159 44578 44135 97742 65045 71208 55084 70653 45146 73746 22867 7696 42523 38651 77027 73275 83042 12595 10181 53714
83114 59152 74329 45436 93490 52028 32797 57787 10502 34128 53071 826 89977 3782 37792 68201 20785 78172 9106 94467 2442 20796 23334 66198 30661 28521 9830 24048 78431 78701 96713 26382 25736 65233 3172 28120 25869 54014 96215 92927 13519 48155 20709 98102 70884 84277 95225 75701 37030 57956 47111 80280 2012 94314 49294 64410 54891 59299 34505 11963 59287 52095 98258
23626 32688 90767 98248 27916 54677 54555 58546 50496 14142 3260 691 37827 43485 78367 56503 66675 31410 44254 66872 93700 93993 8501 82916 65727 93575 57610 86870 5234 94285 143 11985 13468 48815 71600 12125 16432 24879 37374 49411 48653 85269 67164 7545 57094 60584 44866 46180 33953 20826 61434 9737 52413 33593 10162 51004 28027 38571 49634 9895 16560 57380
39661 27487 29878 44276 26234 35124 79931 90856 21893 50191 1150 40998 85710 28362 52459 77829 29320 23102 13712 17804 3089 81767 5429 97047 63119 44001 43210 15938 13331 20174 23981 13399 80217 47467 76527 75507 35578 25036 1460 62779 78860 99875 53925 52272 96115 88380 38571 26518 97464 71280 79306 18699 71233 62950 36281 87508 51648 16235 89757 58022 29219
99838 99207 57904 24776 6714 1911 40301 68145 43502 93434 63972 74330 37886 9014 52452 4910 96158 72578 13388 44605 7547 67778 46419 67193 14012 33192 31015 20874 79607 98092 96709 98505 49215 30703 40271 5869 81504 36675 25739 2441 6103 53046 6949 48289 55360 75761 72655 88105 26899 52804 49306 74011 77900 17791 98059 82038 35655 19459 37200 61693
98679 13739 61667 84016 85956 24457 63901 54364 82285 53467 63024 23354 86307 25395 80356 48482 14454 54065 19157 86593 91477 1248 95750 12610 98014 31791 68820 12601 75182 81114 31013 98013 30727 50912 69869 26678 954 23800 52230 76990 5660 7083 69428 62839 9250 22435 27876 9515 20925 16975 37094 80456 94349 93883 7909 46725 8519 76118 36881
36453 30144 35137 25280 69824 23909 52871 64327 95797 98864 48016 89146 13194 54775 76406 83700 50970 54707 14408 6831 13750 25094 26620 42538 45365 88592 23279 45369 14946 37928 26637 41023 33587 30722 53603 64549 89596 74081 17895 24033 8508 33893 74781 23575 41219 59604 10437 37609 47587 2525 73572 81719 68803 83829 79177 72322 22672 94981
83171 40693 15138 16410 44910 94022 98700 87449 9564 28580 91065 74557 85420 97872 46239 668 12013 90752 67972 22625 45956 56946 89865 64392 64348 23709 46847 27703 40877 32645 14077 32967 20103 88061 8045 92909 80861 23008 86610 38293 36313 80615 94159 30478 38970 30253 69552 72219 1864 52826 27126 27263 74243 31149 51536 65883 83267
3135 47747 93549 15910 65388 70510 82736 57806 47684 35092 99889 34123 54790 28151 90621 1847 88853 84620 22613 85249 33289 8860 55492 47927 12441 54248 8744 83558 63949 3246 74675 36097 20961 73447 18731 10442 5720 32759 76025 99024 81619 66995 26697 55158 79386 89719 12072 88004 69789 37274 42235 16630 58966 73958 81430 91787
82810 98725 7192 36693 87672 32736 47147 3071 23016 2975 26200 97315 90477 59411 87328 18531 12094 81360 7207 85276 70664 10744 74076 76596 50568 10557 3823 60212 89525 88639 30008 63930 38184 86481 40024 83972 88940 64930 59647 58938 27633 97858 12284 63460 66612 23454 71172 18794 92370 4333 18570 95231 75403 55586 75051
36948 54479 93102 78648 98976 92669 38214 41159 74665 46734 83003 6860 96413 37987 96081 59080 29603 63479 68050 42373 48353 86764 29375 7108 84024 24285 43979 87660 57839 40501 87626 8777 36146 88739 53937 76837 75955 71812 35136 57032 62129 23568 47848 33116 67238 85796 88890 87423 18755 97263 38297 49383 46131 37260
73162 83472 23032 38516 59623 29416 29243 647 58680 82267 57124 68077 47332 96690 18508 66124 31938 26326 71182 83148 55798 87709 5013 93308 52757 70802 16350 62669 60070 41144 28235 25496 9933 98494 97327 59520 28802 70331 14384 23839 83477 49162 53003 47754 13842 83380 99236 20961 66233 11888 33357 14482 32855
18516 78575 1149 42283 19976 29011 63336 19574 54745 76731 15428 67789 3464 70748 35592 38743 85706 20951 17452 26034 45817 26740 72884 34295 87420 38178 29094 37947 54242 97579 89641 88130 58097 62168 40207 58751 19708 10285 3898 12632 27402 78089 26836 70676 77461 35136 30516 33712 5382 61115 62582 81304
10218 56409 42541 6862 53608 91518 1334 27187 4957 2158 91472 48435 68665 96238 96308 65407 56837 81281 58284 41663 64395 5258 31304 94055 45153 32067 14245 12761 67441 57880 46617 44441 67791 63406 70975 5560 67993 99898 72363 10974 80132 58282 99349 28733 87904 10784 75329 77565 43338 54649 23330
52260 3521 11704 30891 71829 17762 94640 7251 95445 8798 77150 91173 19780 2221 89422 19098 13090 37563 49107 83761 54924 14444 62881 42946 84484 65124 35578 72017 71222 15587 88400 53698 27855 49687 31945 26060 97546 37680 54234 75296 38767 25849 87565 78177 78689 863 65743 49060 12024 30246
53388 6978 88648 11144 39335 69145 74158 30848 92703 28173 31250 13828 65836 73826 96160 14948 40592 84481 10436 62452 97403 332 94731 73280 11600 23055 12442 75682 69998 30796 43694 6084 14613 58260 28719 13854 85635 35461 66274 19922 77863 99148 96315 14558 38126 21016 43421 71977 87585
24 22309 69638 34793 10305 57214 37527 18672 39124 9039 87154 41657 69058 28769 69519 59740 61368 30575 8459 27115 43687 3975 35610 65799 98379 17796 7259 5038 7902 48422 64774 97853 94394 70443 86508 84308 80582 49819 10993 43561 92808 61896 38688 1580 83973 49770 32528 92135
20756 58357 6765 99453 99231 67296 95525 95452 74109 63603 68261 87083 3606 18532 61831 71211 58748 91173 93613 40909 71955 71678 36545 52135 1507 6629 89514 48295 79367 31719 73106 10591 32360 42769 26465 96984 17674 3630 78671 60297 94032 48077 38391 11814 37403 47841 64401
78135 27088 81624 34241 68615 11995 2467 67394 58489 15180 96404 28439 5538 31715 17800 35530 50610 82344 19841 5639 29525 70143 87826 86484 31801 40232 98813 97702 79820 73082 59617 48960 99144 94482 60701 87942 52810 78764 76800 88685 31944 45449 68205 52876 66692 46421
42793 60844 60657 2242 87087 43139 24899 6428 62038 96379 14638 21792 77170 94602 72669 40202 5156 81455 50580 26194 51460 10641 49095 19187 41944 26336 76896 11843 67888 81297 57191 282 52394 1601 54773 24011 87440 8757 86852 28565 20187 16796 23239 75681 19707
23660 54083 66089 29102 5275 1936 70364 16387 97944 90906 80835 51235 35645 98063 10628 24009 46587 44593 48608 36693 30572 13908 3121 42921 851 29385 66573 97422 40535 66765 47896 61596 52736 47783 45188 17675 29098 57843 46203 47694 73119 65016 9069 98705
31226 58935 29296 95186 98455 85940 79084 45716 54964 67933 76240 69993 8106 3977 67069 13598 17643 76668 24121 2277 58207 62515 47467 29038 12377 85352 54548 40222 75697 55550 68382 17245 19856 34102 60321 68872 32022 27990 7707 85310 84156 13105 89686
85754 73727 30703 84059 66580 44533 33 18439 72731 38463 75495 41083 27322 57295 97361 87980 24985 11798 93673 99547 63621 12135 97450 9543 16226 73431 73505 81431 2546 7977 11442 74926 38108 17880 52883 15646 32214 79608 46207 35969 12093 9978
72174 89775 49377 48386 37022 11964 41335 77206 13498 9489 17639 3095 96137 38299 83612 48755 88503 50826 34687 60246 12843 72015 21123 62541 13637 88960 32890 81606 80611 28279 11639 55950 71827 17404 17170 96484 5500 55629 52352 97462 32377
2224 68438 21160 55084 13340 48239 19488 81817 10928 93064 94187 61650 16129 14980 4354 6003 35124 25119 5495 84569 7567 35361 13246 29062 33698 1867 55618 56315 25208 29959 73904 93570 9023 37408 85106 32514 7226 16718 76902 85923
21995 69090 98116 77153 92511 60298 63073 77604 21042 35273 17463 69224 50419 85495 36252 30718 39610 9763 65507 16886 13567 50647 66003 125 52029 60179 84255 25534 2665 72952 52185 49225 59156 22639 57257 20669 74428 1075 55825
5227 79152 12511 95429 13561 64445 13071 2678 2221 65131 92238 36502 44015 32364 58648 86048 43324 77010 18802 34176 90446 81670 43212 27579 4868 82022 57340 31688 84920 45805 95069 97374 7319 50873 19878 13418 39525 34359
99350 55646 11487 55759 17976 6253 93149 93225 50501 7026 91173 22073 57668 681 21226 2191 56742 70823 72570 57314 68088 77730 27556 22288 29863 85482 94006 52022 38876 78381 69148 10117 75410 43127 49341 52148 59910
67963 17698 89771 74604 48150 99247 11942 75937 24384 38798 98140 21348 67668 12411 65611 47804 52425 98098 73931 22186 40349 94580 34771 31833 47239 19915 62058 59844 16262 62888 78463 67103 15983 31580 17799 22743
8283 52140 15873 78219 79070 2984 65078 51779 91758 57349 88428 41464 27049 8415 51758 31879 10404 31462 94713 87000 14987 1700 80158 20972 68366 36347 38465 60935 1164 4600 9873 4835 97244 54413 35316
28316 78347 7848 58630 7567 98071 97486 21393 73953 43211 47664 99798 80473 12381 81138 67563 75623 96487 73892 19528 85016 27625 27336 71357 59696 56821 95658 29564 99075 3805 28475 70508 16575 3065
80639 13385 23835 16259 82554 29515 46742 46959 75828 77612 75167 56109 99592 65588 64836 84140 91493 13459 25318 62474 71037 46356 89763 69701 35798 35486 50021 19938 65201 61415 66078 44128 68199
60191 13600 74496 76738 7522 10706 35742 30199 68533 91868 68569 77374 10957 62426 29921 25190 52742 41550 92748 779 53826 92668 27830 80061 34154 40944 23192 8985 89856 31779 31660 63372
48554 237 88178 63583 6970 84598 31768 39405 87047 91520 55240 59210 38678 46847 39571 42272 3226 38817 7161 4395 53912 17697 52854 61347 61621 37600 46010 99466 47452 52192 83203
52634 69132 8748 76216 83271 96414 73572 79592 54118 22783 20649 84808 52909 42985 48642 28162 24582 38162 72956 12540 75804 92559 90734 14605 515 18715 37758 96418 96071 64347
69218 49243 38919 44942 15640 46721 40779 46160 91765 97302 58228 5508 87919 18188 52919 2465 94063 70680 67891 80671 47187 87265 2157 86255 85208 70327 50463 51417 75852
57004 11750 50569 67881 41971 34024 30059 20708 66592 71399 28662 58161 74167 16857 55857 35419 28102 5744 98445 83245 52457 24445 52894 32070 98826 1894 82810 61578
29157 50694 75398 11935 45912 31213 70565 97092 11384 75010 20992 25547 9197 91675 74457 58570 17602 12889 72207 69403 37526 29320 65179 1283 72547 95253 17323
34586 23279 81721 30975 98801 23259 56095 37475 15582 32677 83712 69401 39049 69288 40900 96546 93906 86140 37709 24727 7289 65592 36089 11391 57953 45985
56523 39705 75232 99038 30622 97026 39685 75168 54602 56549 79167 42395 1665 81053 97208 65188 37853 42308 42140 78361 16604 64916 7995 22799 76664
15650 1020 84380 48125 44856 76920 37002 11647 55608 72551 61611 25308 84031 25477 49328 97795 5530 71310 19052 22890 56067 97038 34011 34223
53770 96373 12257 76986 46135 78753 58820 6338 45573 62629 78999 78308 11627 47149 23796 82854 95727 3547 71918 62107 8247 58612 9842
57819 63446 11458 74628 29009 97188 14499 8047 15469 24680 18381 28649 34844 2183 94094 50297 45763 21572 37275 18559 2390 27725
19359 40892 81114 17376 16375 44957 57859 89817 97917 47732 10444 11417 40834 97794 69605 94364 32250 92601 84671 63903 76269
53117 23999 56829 54985 693 23664 5016 11484 16926 8026 69367 61655 54400 45410 14345 37969 80738 22716 10864 27136
63107 6261 48827 93958 75495 9056 37915 19757 13165 63182 44383 33807 79015 30778 85457 37519 81982 48350 73535
97301 78419 25119 73982 68054 3778 94354 46806 12449 83483 5652 29203 34504 88235 72750 40304 21295 40064
68277 68761 79386 70529 53131 51269 89719 615 32608 26565 49423 71102 28293 54456 66617 44943 57058
84187 69521 44658 93513 61282 84297 50829 83640 38425 30352 72148 48573 40347 96649 44128 25627
12208 41807 29416 75973 94419 97822 74633 70251 74136 20897 21852 13964 70771 8872 47908
54996 71246 27619 47414 66946 81799 53707 41330 41156 33314 43677 55165 45072 60830
20659 53994 98190 43200 6201 95083 89320 68616 31148 85673 66231 49070 35223
7080 87301 28734 96968 17135 9313 15822 74617 72606 43368 43615 73094
84749 19233 21806 67695 2043 23516 88748 43047 76808 76082 32515
88490 22101 66174 70363 97231 95985 27158 77886 55064 27078
92909 70952 17512 20580 60187 70473 90592 76372 66506
69527 23210 18034 84180 77963 80763 70937 33962
24567 58060 18708 20329 54444 81880 4232
34287 94916 42096 70269 36868 97289
59366 88433 99980 21626 69740
31263 78451 44652 81765
48215 67524 87099
93851 32324
14311
