50
1321 1106 934 600 3734 639 646 4127 1711 3354 2471 2152 1145 3239 1189 4226 2956 2148 3858 730 4787 2473 731 977 3596 1233 690 655 1064 2137 640 1617 2466 4901 1553 3974 4671 1434 3092 1488 2154 4515 652 530 3483 1812 1671 1373 642 4402
283 850 1298 3704 1328 1331 4068 477 3335 2362 1954 303 3196 233 4204 2895 1953 3832 1353 4756 2367 1357 897 3572 235 1290 1336 397 1949 1329 465 2360 4863 362 3953 4610 355 3065 356 1956 4480 1332 1325 3442 1782 466 352 1330 4352
830 1105 3688 1116 1126 4054 434 3321 2328 1894 269 3171 281 4185 2874 1890 3813 1133 4749 2331 1138 888 3552 282 1099 1132 381 1882 1118 429 2326 4846 311 3936 4599 305 3053 308 1896 4471 1129 1108 3422 1761 431 304 1123 4329
931 3670 941 949 4044 883 3308 2286 1846 841 3159 846 4180 2858 1845 3786 957 4741 2289 959 828 3547 848 929 953 829 1839 944 874 2285 4842 867 3925 4592 859 3032 864 1847 4459 950 936 3418 1755 876 858 948 4312
3732 607 625 4112 1709 3352 2459 2131 1143 3236 1184 4219 2952 2130 3856 723 4785 2464 725 973 3595 1232 688 629 1051 2127 613 1604 2454 4897 1549 3970 4670 1433 3089 1483 2135 4513 628 605 3476 1811 1668 1372 622 4401
3743 3748 2829 3730 2643 3782 3771 3690 2640 3698 2836 2637 3769 2821 3757 2852 3784 3758 3678 2652 3703 3731 3755 3684 3768 3745 3725 3775 2853 3720 2827 2848 3716 2639 3718 3772 2839 3754 3737 2645 3763 3727 3711 3746 2837
570 4132 1717 3361 2486 2171 1151 3242 1194 4231 2968 2170 3865 756 4791 2487 757 995 3604 1253 692 574 1067 2168 560 1627 2481 4919 1562 3987 4675 1442 3101 1492 2175 4532 571 658 3487 1817 1676 1384 563 4405
4150 1725 3369 2519 2200 1171 3259 1206 4251 2976 2196 3875 773 4801 2520 775 1004 3623 1269 711 559 1080 2194 584 1641 2515 4932 1577 4006 4691 1461 3109 1519 2205 4549 558 673 3503 1825 1680 1402 537 4414
4093 2760 4171 4165 4055 2728 4060 68 2662 4164 157 4155 85 4174 4157 4050 2804 4066 4096 4154 4051 4163 4139 4080 4170 121 4077 197 75 4071 2700 4074 4166 72 4153 4129 2779 4161 4083 4070 4144 69
3347 2437 2098 442 3234 452 4216 2945 2095 3848 1738 4778 2441 1747 926 3591 461 1705 1735 426 2087 1722 373 2431 4892 526 3966 4649 501 3076 514 2109 4511 1726 1716 3470 1804 375 487 1723 4391
3411 3390 3324 7 3331 2762 2620 3387 2750 3377 2767 3417 3378 3313 51 3334 3350 3371 3315 3385 3362 3345 3408 2769 3341 2755 2766 3339 15 3340 3402 2764 3370 3356 10 3384 3346 3337 3368 2763
2597 2341 3298 2352 4306 3022 2590 3922 2543 4831 820 2561 2293 3665 2356 2451 2531 2320 2583 2497 2408 821 4998 2395 4035 4737 2381 3151 2390 2605 4581 2527 2476 3541 2572 2424 2376 2503 4456
1901 3282 1931 4300 3007 807 3911 2247 4820 2600 2263 1860 3658 1939 2112 2239 1879 805 2185 2041 2595 4988 2031 4029 4725 1999 3144 2016 817 4576 2226 2164 3535 2283 2081 1970 2192 4443
3177 288 4187 2883 1899 3823 1176 4751 2347 1177 890 3560 298 1141 1173 384 1897 1158 438 2340 4848 323 3939 4604 315 3057 321 1914 4476 1172 1146 3423 1766 440 314 1164 4331
3188 2729 2619 3277 2720 3272 2742 3306 3273 3162 23 3193 3235 3269 3165 3275 3250 3219 3294 2743 3218 2721 2739 3206 11 3209 3286 2738 3260 3241 8 3274 3227 3205 3253 2732
4195 2887 1924 3826 1214 4753 2354 1215 893 3562 227 1181 1212 388 1923 1195 444 2351 4859 327 3943 4606 325 3059 326 1932 4478 1207 1190 3430 1769 446 324 1197 4335
2673 4297 160 4282 98 4307 4283 4181 2805 4200 4217 4278 4182 4285 4240 4213 4305 126 4212 198 91 4208 2702 4209 4302 89 4255 4230 2786 4284 4214 4206 4243 58
3005 2653 2994 2687 3030 2999 2860 2626 2893 2950 2989 2865 3004 2971 2937 3018 2690 2929 2654 2686 2897 2611 2903 3009 2683 2988 2965 2622 3000 2942 2896 2975 2676
3908 2246 4817 2594 2254 1857 3657 1938 2111 2238 1872 804 2180 2039 2589 4986 2028 4021 4721 1995 3143 2014 815 4575 2218 2157 3532 2274 2074 1968 2191 4441
3887 186 3924 3888 3799 2800 3831 3851 3886 3804 3899 3871 3840 3920 195 3839 153 184 3836 2696 3838 3914 170 3885 3861 2771 3895 3847 3835 3873 162
4809 2552 682 1026 3628 1283 719 795 1095 2243 759 1661 2534 4950 1585 4011 4712 1471 3117 1539 2249 4559 779 737 3514 1831 1699 1425 767 4429
4833 4811 4743 2817 4754 4780 4805 4748 4813 4795 4768 4829 149 4766 225 67 4761 2716 4764 4824 63 4802 4788 2796 4812 4770 4757 4800 111
2563 2306 3667 2358 2453 2533 2325 2588 2498 2410 827 4999 2397 4037 4738 2384 3156 2392 2609 4589 2528 2479 3543 2576 2426 2377 2509 4458
1041 3650 1285 722 801 1096 2251 760 1665 2558 4963 1596 4012 4714 1480 3128 1547 2265 4565 788 750 3516 1837 1700 1427 772 4430
3549 896 970 1024 885 1856 997 919 2292 4844 910 3929 4593 904 3037 908 1861 4460 1010 984 3420 1757 921 900 1000 4318
3568 3592 3625 3550 3655 3606 3583 3663 2818 3581 2802 2810 3576 21 3578 3660 2809 3624 3597 53 3652 3584 3574 3610 2806
1220 1278 389 1936 1256 455 2355 4862 351 3946 4607 336 3061 345 1942 4479 1275 1243 3437 1770 457 330 1259 4342
718 1042 2110 696 1597 2448 4895 1548 3969 4652 1431 3084 1482 2125 4512 716 691 3472 1807 1667 1358 704 4398
1090 2233 594 1655 2529 4943 1581 4010 4704 1466 3115 1532 2241 4553 531 679 3510 1829 1690 1423 552 4425
1869 1068 422 2317 4845 421 3930 4595 406 3044 409 1880 4464 1084 1066 3421 1759 424 399 1070 4321
2178 2038 2578 4978 2025 4020 4719 1992 3132 2013 814 4570 2214 2155 3528 2272 2073 1958 2190 4438
1630 2496 4922 1571 3990 4677 1451 3104 1500 2188 4537 585 660 3498 1818 1678 1387 575 4406
2401 4888 515 3962 4641 493 3073 504 2056 4494 1645 1620 3456 1796 369 479 1633 4387
4992 2393 4033 4736 2379 3147 2389 2603 4580 2521 2475 3539 2571 2414 2369 2502 4449
4883 226 138 4877 2717 4880 4989 136 4934 4911 2798 4972 4890 4870 4929 133
3960 4634 268 3071 244 2035 4492 1578 1561 3453 1790 519 261 1572 4383
212 3957 2699 3959 4032 203 4008 3982 2777 4014 3963 3956 4001 201
4629 2715 4632 4735 61 4700 4672 2793 4715 4643 4613 4683 106
3067 262 2011 4490 1463 1438 3445 1786 496 255 1454 4363
3069 3146 2711 3111 3094 18 3129 3074 3066 3106 2704
2022 4491 1524 1489 3449 1788 509 260 1514 4377
4577 2231 2167 3537 2284 2085 1981 2193 4444
4551 4526 2789 4568 4508 4485 4540 100
674 3505 1826 1681 1413 550 4416
3485 1814 1673 1379 668 4404
3524 3463 3444 3502 2787
1801 1784 1822 4433
480 1679 4388
1392 4358
4407
