20
175 337 739 229 64 508 649 278 459 58 406 575 44 921 56 101 134 78 845 917
343 757 248 168 521 663 302 476 160 427 597 143 936 159 176 186 171 865 924
775 354 333 529 676 361 484 331 441 607 313 953 328 338 340 336 878 951
762 729 782 792 774 780 720 776 786 707 992 713 743 746 736 899 979
215 523 671 304 477 207 428 603 194 951 202 233 247 222 869 933
500 642 270 456 25 394 567 21 917 22 95 125 41 829 901
696 527 545 498 537 616 490 971 495 509 512 501 882 956
675 693 640 687 702 625 989 636 650 659 647 889 971
483 263 430 606 254 952 255 286 298 276 871 936
453 486 615 450 966 452 466 474 457 880 953
389 565 14 910 15 90 122 33 824 900
608 368 956 382 413 419 395 879 952
554 979 560 577 588 571 888 966
900 3 84 115 28 797 889
901 924 933 920 888 992
86 116 30 802 899
136 97 850 920
130 851 921
842 910
989
