20
628 694 60 573 694 576 196 165 573 666 9 998 5 26 91 770 159 86 273 726
955 621 222 30 119 753 528 738 815 825 278 962 767 740 248 753 667 562 108
766 948 987 781 909 641 584 511 938 556 830 721 826 732 568 522 603 977
901 914 749 129 302 915 994 246 903 282 148 242 634 111 188 89 624
320 90 951 886 978 750 665 59 657 830 685 35 667 629 986 113
313 852 665 832 901 982 184 507 884 839 207 940 539 771 205
578 756 717 821 862 319 537 789 761 247 592 949 962 119
103 620 916 139 534 321 3 112 621 331 39 27 712
507 543 72 768 27 78 231 837 200 8 77 852
258 704 686 855 927 898 613 794 872 816 861
506 661 950 881 951 738 521 742 714 693
782 71 28 309 545 287 41 54 618
771 772 564 14 543 660 862 277
52 84 505 27 58 92 668
115 773 325 24 267 602
756 250 79 58 663
853 661 892 74
137 158 774
251 738
777
