50
18 12 252 216 131 175 464 535 725 634 80 544 546 649 250 686 1642 559 1355 1116 1850 2121 967 571 949 2310 487 871 335 1334 2729 547 2910 117 177 1122 2726 2745 3111 2364 1730 635 2632 3433 3070 230 180 1541 305 4768
17 4 153 294 441 125 650 639 132 419 442 457 1046 690 1269 391 1495 986 1112 627 1394 91 418 891 1624 2184 1388 688 2425 1290 38 1302 2426 164 3179 3179 1230 1302 2088 2872 638 3095 1949 2345 1838 2405 3277 2552 2045
78 189 221 96 336 145 57 616 810 269 608 96 147 165 814 907 1135 581 413 1919 730 1866 2020 566 1508 391 1610 2220 75 1290 2908 2828 301 1569 1490 648 1222 120 1691 928 2606 3594 2727 891 3667 1229 3537 4681
8 5 31 62 373 359 561 684 311 46 660 845 1046 1153 564 1184 883 1332 465 338 1916 2060 744 961 793 1643 1486 875 39 943 1696 979 2018 2527 513 2124 1113 1816 3324 2652 1136 491 541 1790 737 1668 1339
39 179 162 97 298 276 577 108 166 872 892 225 165 1192 96 1201 263 409 88 1278 373 538 148 1503 668 531 1985 2309 1706 2506 469 2226 166 2435 1979 1663 929 35 2634 2411 3035 24 4200 1240 1114 2733
67 29 59 130 118 354 103 131 717 44 369 189 467 41 1311 1386 632 1598 1679 37 968 940 376 108 1689 550 238 2731 2766 461 1501 2987 2376 431 924 2631 603 1323 14 1978 199 1577 822 2798 3237
6 156 24 88 307 391 146 43 264 828 1057 710 174 966 1400 1542 284 1015 1236 1463 777 1926 1078 1035 840 866 1936 200 1640 2301 2428 2579 1656 3203 3208 3138 2128 3133 218 1668 2948 2799 939 150
4 182 60 237 308 464 268 650 722 549 525 476 595 1004 1170 1406 11 1191 346 810 104 355 2034 974 2256 1620 154 2258 2307 1563 1651 2433 466 31 1080 1940 1451 617 101 582 292 3212 1566
27 168 256 217 98 255 289 564 855 432 46 1123 336 211 9 1289 112 609 1667 775 862 60 720 2318 276 825 1885 1480 1306 2915 1176 83 1530 670 1738 3419 2879 839 2373 1653 3767 255
19 31 124 183 450 521 475 557 686 730 358 1049 229 925 303 1500 398 815 1624 809 1577 1328 1430 107 673 1935 619 1713 2391 532 1739 2556 3151 1488 1709 3265 2671 473 3280 2135 3830
42 73 135 387 230 396 263 148 330 224 501 378 449 896 1182 1001 1461 1259 709 793 1071 348 44 1921 1482 2239 1068 6 1074 53 198 808 2087 2019 164 2189 1319 22 2137 3657
33 34 178 133 396 561 210 660 664 180 435 887 904 90 1452 814 774 101 744 246 278 1638 1450 441 426 1160 837 1440 815 2460 2028 634 1848 2717 2237 1512 3524 1694 1127
96 11 264 1 170 37 350 735 771 716 318 404 648 179 720 1568 1563 359 197 894 136 487 1107 33 1556 2082 989 1164 2653 2357 441 70 1113 355 2120 1157 2131 2054
39 181 33 259 225 25 584 499 40 13 1053 1027 129 52 1085 617 124 260 284 295 761 586 706 1478 2146 1267 2645 1989 239 435 1764 1082 1592 2636 123 370 171
64 76 224 278 203 123 162 114 772 297 222 565 936 2 753 40 64 1051 218 1178 580 1106 1610 145 1954 1225 1634 449 2323 2084 2181 2625 2705 1119 396 2673
3 84 62 381 221 167 61 384 549 878 852 735 266 811 921 625 130 688 1555 353 192 144 602 175 1003 254 634 986 2384 2092 2228 908 301 50 1857
3 111 221 53 221 217 314 49 516 216 908 551 224 286 1125 536 826 95 774 1908 1317 616 2250 1957 729 689 1572 614 1244 168 1783 669 2168 679
62 56 246 279 77 32 72 382 143 909 616 713 731 808 942 991 1410 454 1675 829 1810 917 1678 897 190 881 2366 2410 81 1131 1145 1745 1721
84 3 147 182 489 585 231 531 1 379 529 267 7 226 1434 540 658 157 134 546 157 25 2212 1328 1452 459 443 1768 287 1920 390 112
24 106 150 182 308 222 222 135 812 549 624 172 984 645 1441 732 1514 177 1069 517 1806 2012 603 2156 2122 519 1246 574 897 2070 2848
71 26 103 207 385 352 475 78 727 272 435 1137 158 201 153 752 503 344 1616 100 1793 255 863 294 442 1574 744 2726 721 2878
75 45 112 49 287 179 173 513 785 394 1025 965 380 481 430 406 1245 255 1341 457 1432 1155 1563 1682 426 381 2482 2615 1012
92 18 131 215 317 215 206 57 769 402 247 608 234 548 915 540 706 1379 87 940 1048 988 2248 409 616 1270 268 2187
79 180 167 143 40 454 653 679 502 82 461 995 197 133 264 13 881 1181 50 1941 1444 1798 555 1323 538 2267 303
73 109 4 65 165 130 612 439 405 442 313 503 688 741 146 114 1088 856 230 333 1931 231 841 257 951 2045
37 144 287 110 490 214 64 749 210 126 794 1138 20 1356 616 488 1583 1716 1784 735 1594 2067 405 2178 702
18 187 283 26 162 381 567 193 880 687 971 728 354 1225 94 140 1276 527 604 1211 80 2117 175 2204
79 20 209 171 402 151 548 158 250 516 473 340 890 1004 69 1398 489 1268 1159 1099 1477 1173 2087
75 138 261 286 380 574 400 63 751 161 1039 422 188 413 412 713 1664 1361 984 541 1960 209
6 115 171 355 182 545 347 117 336 407 359 690 558 780 1313 1534 164 1272 1562 389 51
32 50 73 183 357 404 672 379 520 953 9 481 1017 245 243 1464 1499 509 1846 34
78 51 261 179 425 11 474 178 31 184 70 401 668 1107 34 1558 1470 988 12
51 37 178 253 253 551 285 574 187 147 368 552 985 1097 446 818 1329 1173
91 83 46 299 385 414 323 634 845 550 174 365 422 960 1285 422 591
19 165 230 260 481 572 470 678 646 707 488 252 342 196 1166 830
75 1 5 312 90 40 215 293 666 601 584 949 775 379 788
69 113 39 280 124 126 88 343 703 924 843 709 1002 225
7 47 169 13 111 390 152 86 744 356 705 35 589
87 182 29 383 424 138 35 257 555 71 1017 1097
91 174 222 124 299 70 429 325 59 524 869
52 69 157 154 368 172 595 414 385 255
69 127 228 96 314 146 503 93 784
45 98 163 134 151 397 680 430
70 53 92 8 491 542 81
81 138 147 376 474 216
41 193 286 147 99
6 9 1 39
30 53 79
1 49
8
