20
839 155 853 639 240 861 448 446 543 151 954 199 568 984 137 204 690 903 791 535
35 303 575 638 981 651 987 443 706 245 995 696 182 281 318 332 563 237 42
291 591 779 970 491 738 799 215 153 508 781 522 382 403 503 297 23 550
264 315 804 226 314 988 972 655 951 333 670 642 984 998 378 476 915
287 694 379 258 791 758 902 834 211 198 834 513 40 190 34 303
839 574 733 369 315 603 733 838 906 444 447 475 157 933 540
996 298 488 283 527 814 664 591 88 101 998 617 554 878
146 605 617 337 695 737 847 595 244 970 295 110 122
695 431 235 765 155 364 657 320 835 490 275 693
659 400 503 741 768 484 369 434 35 963 323
724 986 729 721 612 689 42 49 895 806
288 663 876 493 594 551 580 218 84
219 350 675 913 733 435 413 208
895 450 839 532 766 229 831
904 497 381 503 851 639
212 51 522 660 288
185 771 341 430
764 416 112
472 596
16
