50
1674 1693 4894 3155 1897 3943 2808 297 4341 3463 18 3587 3661 4419 1467 2981 2161 837 982 3808 569 3826 2704 4000 4426 708 3772 1225 336 956 3426 3141 2723 4417 3016 1303 2913 3134 688 4808 3657 3580 582 1529 2505 27 2825 4030 4350 323
4646 4534 2901 2469 1922 3301 3571 2172 4869 4602 274 4406 4703 3659 4397 1069 2275 2859 621 1945 239 1774 1686 3582 4053 1662 2537 2691 4884 1697 2088 3196 3140 2419 1288 465 2693 2042 2408 3736 1809 2356 2197 695 3825 4988 1740 496 3872
1942 1664 501 1154 3359 1411 2896 833 1822 814 3491 2 4502 1677 4884 355 3072 325 4499 1244 3796 4398 3565 2592 2235 3424 2797 4290 2705 2789 2643 2523 563 3815 4616 4414 573 3785 4583 3914 3982 4330 4250 4354 3361 3695 890 1374
1664 3225 4192 4605 4710 1558 4467 706 1158 3559 3600 1695 4563 1892 4913 3178 82 2242 5 2715 4229 2293 774 1694 4025 2621 3592 3761 2199 2689 2438 2875 3672 507 807 4315 2322 1852 1072 4087 2012 1149 4660 3357 2329 4790 2099
2248 4860 2258 4277 1044 4879 836 3452 1910 2190 2881 1524 3098 2318 83 4688 1545 4178 3427 672 1127 2483 1627 2972 4997 4365 3429 4534 3325 3155 3808 1937 3515 3039 2646 1977 4807 470 117 3451 4417 2652 2904 1722 140 549
4820 2052 1936 2070 4805 4189 3245 1355 4779 2018 2103 688 4460 2263 1993 1598 4843 426 2337 3958 4211 3019 4287 3081 4011 845 4827 1508 651 4201 1498 4038 4804 4300 1938 4702 2359 4703 3457 2738 194 1560 4400 2859 775
4917 366 3031 1252 3275 3331 2971 1846 3439 3995 3725 3277 58 958 3960 3738 3412 3055 867 3171 2932 1717 3280 4267 3049 3026 3104 182 3599 4537 892 3239 1125 3253 1530 4776 43 4212 4295 2036 2161 3794 2349 2311
1076 674 652 481 1615 2581 1277 2232 176 3953 3149 3648 2123 1547 3976 659 4209 4906 472 2262 470 4931 4988 3262 3775 2701 2714 2981 1037 3425 1369 4173 2664 1459 780 750 3692 263 1365 4917 1001 4557 2743
1707 29 4437 3269 2631 1763 4341 2822 2438 2672 2112 1008 4232 3745 4770 2657 2369 277 4583 4096 2341 441 2607 3035 45 1270 2086 67 4769 4699 3263 3381 2677 3879 4815 611 3844 2253 4986 3404 997 3494
568 341 3080 605 3250 2665 1768 2780 3888 3481 3093 2112 986 1981 1218 4752 2717 478 4895 705 3276 1473 749 4022 1098 1562 4474 4430 581 3684 1133 202 2629 3773 4147 1507 980 622 4603 2940 274
1482 1970 29 3916 727 2714 521 2730 1802 3855 2491 2925 4202 369 1247 3435 3037 3326 4244 593 4872 4974 2867 1857 3943 445 1405 4921 2156 87 2180 1369 1853 4182 2022 2762 224 3649 4855 4989
1315 4900 3542 3067 4748 1988 566 1639 4872 1273 3589 1607 2319 66 1673 325 842 3438 4588 889 4490 2587 3543 3397 4443 588 2768 1481 3143 3674 2064 4791 808 1145 3750 2835 2221 776 3190
1723 3801 416 68 1902 3039 1574 2356 2281 1230 4374 4885 551 3086 1617 4989 2762 1158 582 1689 4257 4102 1454 2462 4910 2583 1151 1722 3898 1200 4872 3591 3578 2561 3876 2694 4711 1001
3729 2125 2742 4599 1403 220 3992 2977 3868 133 4397 2576 2704 3095 93 709 3208 319 3271 1571 4404 500 4742 3335 3438 806 3104 1027 493 2979 1686 99 2718 434 2717 329 4943
2470 4912 4219 1807 1839 1177 2682 1424 1019 470 3753 3888 183 4424 3815 1494 1347 456 4034 4565 4062 3570 683 2899 1524 2478 3050 3351 3497 2738 3680 4714 4209 2941 3252 448
1898 1544 4418 2523 2726 689 2738 3814 1680 4306 3475 3391 957 774 4253 1472 3330 2694 3843 1257 4817 3674 2161 4005 2516 809 1587 2442 595 192 604 2058 2202 4779 3132
1709 4644 4217 642 506 3318 3158 3609 818 1694 3401 2590 3124 3937 402 3061 4853 4864 4094 4319 3887 2355 3818 1227 550 3077 872 4388 2972 2664 4477 3082 3792 3537
3770 421 1464 2578 3672 1526 3504 122 2755 1863 533 4771 1245 4325 4215 3392 1143 2772 1007 1464 4531 379 1718 2525 2857 988 2850 996 4691 4791 96 3944 3950
2490 752 3634 4200 3275 1851 2154 4209 357 4052 4250 3713 432 4170 595 4722 1855 4598 1397 1253 1416 4586 3566 616 2730 2661 4621 3270 3958 3411 2158 4299
3864 2571 3239 1093 4701 3737 2832 1551 223 3061 3517 2429 2428 1694 118 3384 4295 4613 4378 576 2433 1770 1739 3376 3648 523 2924 3743 1359 3899 3137
1211 3556 4777 2039 3437 1776 2415 534 2066 232 3998 1713 3735 2406 1953 440 4357 4782 4784 910 4726 592 3945 253 2404 1159 4452 4880 3406 163
784 4286 1442 2890 1228 1375 4735 3318 366 293 1306 3417 2892 2951 1936 689 1977 4614 575 3607 2250 3832 1718 3730 1806 4974 2785 3556 2515
4202 3783 3436 3832 2989 2235 2985 2198 557 1686 554 4088 1973 4626 3799 1476 3116 542 1409 2928 3446 3710 1007 2803 2807 607 100 3373
2403 3503 2325 1407 287 2447 1633 2889 1822 3810 2447 4677 4095 2774 3867 4665 3251 1952 1758 1761 2063 4264 4009 2443 778 2527 403
2354 3915 4167 2420 1640 2302 3687 4667 2165 4347 4547 3849 2005 1555 4091 3733 702 80 3020 2489 3431 501 1436 2596 4972 153
3236 1122 4151 2505 1281 4744 3092 759 436 4392 3569 3327 3403 1429 75 2219 1665 856 2310 3057 2070 3396 4852 1973 4498
1382 4197 2783 3891 3436 2457 2800 4064 2268 4114 4647 890 1729 1167 787 3784 2501 518 3885 271 378 1552 2245 595
721 1353 1435 1151 4776 4112 1023 729 320 310 2409 3940 244 348 3983 1212 1996 1472 2225 2327 1896 2134 4838
373 1453 3199 1435 2867 4287 2244 4812 2333 2750 2203 132 3319 3127 4837 2299 1538 1428 4374 4022 3884 4567
729 2969 1620 2786 1324 4764 1920 534 2308 261 3010 702 153 4666 1846 4326 632 4775 4424 3773 4602
2712 147 2748 1923 4420 2232 4625 594 2524 1275 3979 4020 535 4562 4772 4794 4904 4357 1731 4076
220 4801 2873 1764 2576 1688 2815 2217 4408 2227 1034 3707 1343 1828 1197 2995 2015 2845 1912
1645 4142 667 1462 1718 2382 3913 3882 2402 2220 2954 4567 3113 4845 533 3115 216 798
427 4825 3578 4641 975 2099 1133 3325 1660 816 742 3110 4970 436 4518 2568 1324
1565 1658 1107 2996 2295 2098 4296 4891 2725 529 1392 4564 4804 1465 3832 844
2180 3827 4377 3616 4431 4463 1082 783 1522 2807 4667 3590 2769 4511 1660
572 3939 2103 4583 3163 4321 2721 2482 2206 1226 4294 4454 2158 1339
866 2035 1059 4929 2590 4548 4454 2418 656 835 1896 974 3289
4825 159 3307 1084 153 420 2342 3489 2208 2561 4862 2067
3226 600 3391 1449 3970 2260 4168 725 4710 4038 2494
2394 4678 157 164 3256 71 4747 1878 3667 2275
2234 185 1372 985 2657 2015 3352 1762 3346
3562 2986 4961 3931 1301 3127 539 769
1771 4773 2034 2717 3449 1047 435
1651 4434 1102 4969 1353 2308
1050 4121 576 2123 2843
4937 3069 2631 1393
545 2593 4434
3871 1049
3437
