50
4328 3586 3546 4351 341 2508 3447 3675 3443 4686 2793 268 4676 262 3360 4904 2863 3900 4378 2517 3461 1190 4094 3708 2545 2601 3898 4515 4565 2603 2537 3076 3213 2799 3880 3355 4823 4766 4559 2963 4884 4340 4547 3981 4968 838 539 3919 4931 2928
4974 2563 4671 2874 1533 3970 4442 3976 942 3174 3382 4382 4094 972 4282 406 1389 918 3448 3716 4466 2950 630 4671 2593 3300 4231 4289 2925 2682 4457 3334 2939 3745 4960 4044 4226 1203 4192 3307 3098 3309 1636 2922 4065 4555 427 4042 1502
3787 2520 4757 2767 3711 4688 4304 2780 3703 4233 3667 4384 3730 4814 2691 2798 4456 3776 2534 2908 3546 4843 2913 3592 4063 3607 3399 3892 3011 2604 2997 2757 4414 4643 2633 2893 3153 3477 3986 4558 2822 3478 2869 3346 2803 4720 3725 4267
4815 3968 4064 1501 3164 186 3875 4711 2729 3290 4633 2665 4922 4032 2803 3904 3102 2904 3630 4166 3590 2879 896 3670 4960 4745 830 931 4317 3041 4841 3503 3826 3031 3969 3589 2920 69 2686 1379 3566 4896 3052 4058 2817 1109 4823
3487 4477 3297 1208 3322 3672 3242 3429 2690 2599 4288 2652 3358 3696 4822 496 759 4700 838 4667 4470 2639 3044 4590 1052 4448 3004 3985 120 1046 1267 3873 1364 4126 3668 1255 4363 1035 2823 4293 1386 2917 4044 3284 3672 2920
3429 2695 2819 2778 2813 2536 1521 3520 1539 4629 3617 3823 2883 2635 2972 3791 1360 2679 3041 3923 2594 4697 4977 4362 3902 3182 3109 3892 4384 4047 3167 4303 4220 4679 4523 4019 4868 4211 2874 4816 489 391 4758 3297 3895
3685 4752 4566 883 4437 4488 3259 2772 282 2612 1552 1300 489 3219 3345 3510 2710 1042 2840 3893 3651 2666 3653 3701 3115 4886 4004 4232 3390 2799 3432 4169 6 4828 2578 4955 3579 818 3779 2998 4418 643 2684 481
3468 780 4121 4005 3518 2524 4003 4429 4101 3248 4118 3402 4701 4118 4735 4448 4538 3715 566 4615 3170 4769 862 1334 3326 4005 3993 3096 2720 2603 3461 2626 3089 22 4010 1450 4050 3491 3488 3792 4021 1420 4678
4390 4326 3929 2659 2830 4722 3523 4809 2734 4796 4647 1056 1305 3446 108 3130 4576 3701 2706 4669 752 4115 2890 4134 653 1487 955 4233 1142 2963 3800 329 4424 777 2855 2651 92 3032 4320 3012 3458 4553
3462 3078 3204 4978 4491 4630 3793 3272 4810 2640 3851 4796 3077 3566 2743 3273 20 3527 4339 4529 1529 1506 3859 3342 2785 3808 4884 2751 3197 4432 4003 977 4297 1636 2543 3473 4219 3591 3128 64 3758
4061 4653 4954 3522 1057 4508 244 1551 1057 3639 4301 4185 3843 1332 3719 3456 4341 4175 4189 3940 2776 2843 4634 4277 3736 3322 3683 3082 1472 3987 4871 4894 3436 302 4973 3650 3653 894 3328 926
3964 2761 3140 3200 2756 4278 3853 4600 4344 4575 3312 2589 3964 2809 3523 4827 4412 3768 3995 4742 3444 2684 3700 3724 832 2556 3286 2744 3178 4930 2662 3707 3568 4710 2991 2580 3451 4086 2994
3418 441 3701 2819 2959 4414 3335 3073 4721 792 4896 4835 4719 4207 2886 2642 2677 3843 3140 4629 4714 4722 4892 2875 4977 2914 3428 4992 2575 4461 3781 4414 3859 677 288 4039 4701 3487
3264 4285 704 4520 4646 2924 4682 4424 4045 2911 2994 470 3655 264 1539 4344 3027 4283 158 4494 3811 3958 3852 2864 937 4137 3323 4185 2511 3485 4728 2924 4202 4986 3064 3292 4999
4434 2535 4173 3485 3898 3793 2972 1144 4961 2688 4366 2728 4257 2682 3277 2869 4808 3421 2884 2812 4225 3028 3662 4970 3593 4897 2998 3312 3478 3050 4317 1040 105 2773 2590 3250
4194 1407 1375 514 3725 4972 4639 4084 900 4329 3290 4447 2998 4417 3706 4112 2556 2872 3561 3823 2988 3245 4848 1093 3810 3590 2584 3998 471 3808 3329 4926 274 3547 975
2762 4014 2623 3898 2575 3826 3479 2585 29 3324 341 1542 3368 4983 4411 420 2555 2828 3845 4244 4538 465 4710 3654 2952 3529 4812 4680 4560 2512 4016 3010 2631 4310
922 1558 3413 4147 3445 3234 558 3192 4325 3650 3364 4282 4819 2723 3604 2825 3844 4917 3488 3658 2904 1656 4990 4243 3923 2955 1162 4509 4494 2932 325 3277 818
384 4814 4760 2738 3801 1626 2975 4065 3828 2700 3344 2574 3689 4339 2620 3975 3811 4368 3205 4405 142 3744 4967 2890 4095 1187 4494 4210 3332 552 3401 1310
3341 3210 3758 3954 820 4846 2864 4691 2659 3526 2637 4541 2865 3497 2875 2885 4248 4913 4668 121 4771 2584 3062 4390 1479 4119 4116 4795 585 4885 120
279 3299 1386 4763 2575 3906 2906 3973 580 4794 3920 3053 727 493 1126 4041 37 3732 2747 1046 4333 573 3480 4151 253 4766 4693 4097 3587 2610
2947 654 2616 4843 3689 4071 2899 1399 2575 4549 2851 848 1088 1084 4400 830 3969 3815 942 4673 109 4581 3262 416 3684 4253 4698 3009 4638
3167 3457 4976 3865 2747 3147 2677 2520 4930 2909 2685 3059 3614 3320 3251 4979 4527 4545 2689 3375 2966 3688 3874 935 821 2835 4771 3345
2624 2771 3765 3333 2918 265 4682 4752 4347 355 548 1144 4079 1067 3345 4298 1194 2727 63 4087 4278 643 4945 2524 3135 4999 4548
4040 3339 3064 3694 3427 4642 2763 4640 3104 3428 3183 4712 4071 3004 979 4616 4104 4062 3982 196 3553 4988 3462 333 4977 1486
4221 893 1546 4321 4018 4360 388 3120 4523 2518 3256 4395 962 4478 4603 4528 2601 2682 3453 3137 4158 3102 4271 4457 3524
3557 4619 4151 175 1133 3919 3391 3057 3247 4150 2791 2657 3966 3262 1509 4017 115 2806 3785 3779 2751 3200 140 2931
1076 3915 4033 4137 1189 3407 2807 4873 3386 4038 881 2677 2674 3111 2948 3478 3861 3823 2834 4438 3252 4959 3985
3597 2792 3246 991 3677 4870 3011 4910 4434 567 2685 2904 4470 4666 3551 3986 4516 4024 4618 3599 4400 3829
4457 4346 3931 836 139 550 3898 221 4289 4327 1428 3209 524 3453 4412 1379 4759 2981 2948 2748 3588
155 3434 4750 4787 4914 3070 4000 4400 3958 3986 1570 2750 752 3364 3605 3930 3473 3191 755 2790
4164 4179 2602 2572 3429 3462 4802 2891 4144 899 4505 816 2830 4117 3416 3181 4339 619 3127
3993 3634 2951 4615 4744 530 3582 4423 3074 4777 2666 4904 4806 4961 4098 3605 4760 4958
1496 215 2502 1422 2706 3405 685 3927 1319 4663 4469 719 3010 4218 3343 4947 4582
221 2980 642 3000 4457 1209 3028 1049 4744 3611 821 3410 4719 3570 3206 3788
3894 379 4362 3733 1018 3203 325 4221 2680 111 3206 2665 4750 3823 2648
4923 4519 3870 2671 3043 3441 4172 4540 4077 3886 3069 2514 3708 4146
2527 4729 507 4043 551 3801 2791 579 4864 3616 2976 2530 3580
2998 3799 2907 3189 2923 4527 2792 4414 3625 4435 3965 2658
4575 3426 2849 2987 869 4772 4342 3512 544 3073 1159
4156 1571 2815 3361 1101 4818 4246 3709 3952 4923
4899 1603 4361 4188 2683 2716 3261 303 3843
3777 3574 325 4987 4754 4069 3697 4391
4921 2570 2830 4939 3877 365 4085
4875 4305 2812 1055 5000 471
4192 3611 3109 4782 4285
302 4906 2522 3326
2983 2914 3694
4382 1106
3347
