100
84325 67525 73962 86300 93638 79241 97246 61406 57376 51966 74266 86454 76321 68575 58334 85912 77031 50080 75183 86306 93869 66502 81748 84538 91841 73686 86614 93753 72686 99608 67552 70700 65510 53447 94705 65094 92943 98293 53295 92350 85331 67126 98135 96663 84716 72484 60250 71629 94359 58653 53977 60384 53722 64083 71645 95401 74411 91367 53866 56756 68755 52754 91407 56152 98392 51625 95514 55805 65068 83413 57656 85182 52540 78882 55878 72124 91023 58157 67651 91929 65933 78662 94061 58465 69646 94292 54928 89552 96031 69578 56795 69714 65167 65343 97017 79786 94609 62299 63302 97662
88262 52206 94224 72967 69166 70057 55904 54520 84391 55878 99835 76519 70978 63968 66355 69246 83159 78658 88395 50939 99637 99838 73477 83372 99219 52002 60975 79205 62809 80846 59928 56700 56586 68814 98609 66893 59342 1 81567 63438 50400 86753 63157 92767 75259 87870 68621 68306 61928 59110 1 50935 69880 94763 63630 79150 76607 74591 68699 56808 89174 54536 1 79015 76422 1 68814 95186 64670 74716 88991 53413 98019 90244 90281 71627 62092 71597 51611 99677 81697 92085 64302 61707 63859 51591 91817 61010 84051 74932 52647 62230 78901 54008 53968 61096 59581 67136 80684
79988 53023 66809 80185 65544 55366 98548 56008 89190 78293 76175 79516 85408 87855 90014 75927 50692 59671 78028 59814 69895 95206 83705 65264 63850 68288 68649 53312 88428 96524 97316 81708 61763 53585 99631 62114 73855 62476 96222 76827 63525 80743 76193 60897 77666 91562 57760 88393 76509 1 80404 98329 95394 55121 80346 92237 58178 88380 77963 51794 66769 70934 72826 50508 51006 80609 89600 91195 90293 87408 67010 78996 61112 76598 65180 76205 79869 89594 51770 73110 93788 60322 94915 58998 98614 91309 80224 68435 58266 66939 51189 92334 90080 68915 75589 54419 72119 55014
95726 54254 89197 90339 75377 57523 56951 51861 83907 83245 70255 60242 72004 96927 61809 68914 62454 75266 53311 96084 52344 71778 55573 52894 70443 81147 97137 86961 61430 53013 72231 61710 50129 70646 57558 94147 58665 62418 59489 69601 70560 53138 71572 60084 59602 89816 71738 96155 52662 59483 60565 54540 74844 51230 89087 62868 85096 78269 67403 52523 55304 73959 53751 80705 91648 61147 68985 82342 90857 67996 93526 65003 95295 71442 91325 1 88173 53729 74627 69267 98677 65074 87008 77349 95707 67719 80935 96900 50720 92085 90107 94734 51852 84872 81347 89723 58770
80618 67364 86226 91268 56354 54777 70269 53315 81304 51835 77193 80494 99345 56234 83039 54445 85390 98083 51416 79970 97707 69996 70167 60685 88553 81624 64058 80591 71787 67768 96514 88950 55683 62198 87271 78184 83442 89875 1 86615 87083 88084 56761 90395 53124 65747 54644 1 72623 58751 98363 86893 80233 92671 95950 65128 65730 98662 96154 66023 52331 96796 1 73484 57898 90022 65507 84883 54224 65685 76717 70570 91817 1 70847 54493 93185 79253 68449 72230 68486 65406 85272 55047 89058 55187 53102 70080 99493 71863 65666 77476 53094 50407 97347 98026
66561 95557 76754 60597 81990 51364 54941 88696 98594 53335 86052 1 67835 97568 59474 93796 88541 69431 61156 66125 64062 95582 93351 86693 1 75517 86162 78627 85056 89037 1 85830 89331 77198 95256 83566 61704 81154 91692 56845 92108 57106 78673 51161 93006 90093 71033 75247 75227 62118 82838 97905 77854 84957 52256 73447 66961 85739 59750 84732 76773 93452 56644 59693 56243 64917 76711 73353 50238 69025 54033 51094 1 94724 59907 78217 90093 58938 89205 94899 69322 82524 88596 92494 93909 95864 96458 87014 94283 64182 58225 80611 51582 96635 88149
97710 88824 97006 55912 86172 84329 80267 54043 53058 86930 59425 58780 82840 51298 58743 80203 59320 63520 92897 56700 1 87746 85927 69915 96149 91968 84183 81690 85993 64462 95452 96545 60020 77735 60705 67238 73527 73141 64570 73068 79346 93161 70975 81751 84372 87598 86444 60325 83754 77171 66401 95125 63840 86671 77810 59668 66717 64773 57963 94047 54859 98339 66043 87427 99302 94092 51340 66469 61669 96000 86731 64534 65547 62634 88995 60111 97842 98120 96359 66533 60475 80249 57089 68574 55507 79380 73801 53609 78319 86734 77721 81012 68294 75303
56760 76539 89583 91112 81459 85823 86284 98946 87143 75937 95318 98706 89136 76122 56106 82781 51352 72219 86742 1 66351 99121 62842 88008 95617 65240 72709 92523 83345 83743 63386 60286 52642 93405 84644 96872 73690 90001 62514 96564 72148 98855 78459 52259 54831 61291 87431 68810 66026 88370 90860 59920 99744 93964 51040 99639 70467 91475 57180 98815 52497 85871 91737 62036 52296 51434 94878 58886 68344 62081 73716 91166 79820 50140 63589 68460 53673 51467 55280 77751 67670 92547 58345 57901 71739 82683 58292 58887 60698 75904 98973 64127 76205
71557 87037 95315 87220 66216 86928 51806 92829 82116 78664 55504 87713 52193 65963 64224 72042 70537 94462 50131 82759 76930 54129 53252 92616 97883 85664 62871 96460 74835 64051 65735 78971 98958 96530 79840 63558 65628 93827 63702 70433 63836 94153 72199 62719 54418 91283 90551 78741 75766 75708 50096 78014 54367 81657 88274 76414 74788 82474 63211 67150 93629 54461 92148 53125 62210 51014 78240 79746 86801 92772 99045 95487 58606 70433 50993 63352 77873 60226 60449 66272 81476 77402 58761 70853 90251 99923 64272 74771 54049 73899 81776 99033
91334 72345 93122 55328 75610 74347 65103 64696 88493 65276 53362 64321 94863 95446 61199 62363 54544 50414 95845 94518 98308 93549 75408 55014 58276 86337 88421 99068 74703 97407 51003 76104 79951 67499 74038 50624 88210 78950 53136 54274 72995 58452 99102 95973 84986 87295 57417 82859 61712 57961 73837 59693 71983 91123 95889 58210 99585 92285 70895 88113 54558 84530 71960 98319 87127 63992 99216 52231 54987 63120 98348 71697 56375 80502 52146 91837 96203 65743 50424 50488 83438 63773 68036 73532 56580 59354 94450 73440 92949 51998 92778
70566 95932 80252 67503 93772 95730 72594 77574 65320 91904 55633 79028 57671 75095 98307 51440 53727 71438 81558 82963 59859 80510 90307 59706 53275 77957 79833 1 83575 72086 98257 76026 94766 84455 62221 90338 52655 72926 61437 85136 66938 65279 55289 86150 51831 93539 84766 69524 62866 66081 99774 91785 74735 55111 91778 54958 73794 85306 86768 72459 93262 66128 98429 97017 83896 78379 77356 87108 63121 74582 81378 85387 91615 98643 67209 62312 81328 87561 74817 96299 50599 53718 88247 51195 76223 67354 91452 68953 73123 93469
56137 78148 83136 91135 92820 64011 83390 63118 90307 72987 55179 71141 81668 56584 62122 54363 97340 76374 57920 88748 51653 52197 88003 97866 76734 67161 88249 57517 63025 51271 81662 55385 80131 77560 73081 57011 94457 53552 58598 95530 62147 78776 93872 91090 57863 50343 1 88578 67064 90270 97582 76305 77683 82630 74946 77010 78035 76232 54197 65494 62010 67928 86033 90287 81137 84043 57365 90318 68104 50460 68247 99849 75365 71941 75664 80854 81057 57417 56475 58614 75746 58524 94670 53703 97993 78425 71997 74008 78245
51676 67034 69796 98532 93184 62863 53408 77502 54073 91329 93503 54834 94280 89031 53700 54975 79930 72410 73043 63607 99292 98750 1 98688 72374 53030 95235 69355 59013 51049 77996 57350 90753 94093 98006 56839 79768 87322 88509 98874 90638 54892 71376 80398 95591 69893 84472 53635 56894 57835 99575 95950 71114 89712 93674 73981 84677 61588 92025 55546 92645 72316 77053 51183 90051 1 58912 57163 65328 77753 79653 60490 72303 85413 89708 85337 83756 53742 79781 52134 71623 87532 97648 67599 59898 1 78530 87810
98069 87899 69407 72675 56402 50029 75398 55117 61039 74134 86012 56785 83451 80548 96344 61200 96398 83390 93544 83079 63664 62387 65100 70745 99093 52178 66026 83828 90213 70895 52352 70674 53253 72349 70277 90057 58279 89677 62187 76576 90545 83810 59493 62419 87101 57898 74124 1 50942 92724 50965 72289 88891 54329 66038 82262 61330 82290 89830 83588 95493 77122 63322 54635 53201 50634 58524 69363 89794 76872 94656 68823 99361 71842 89336 57572 51900 60464 95925 95667 1 91168 53946 63919 98249 73630 83246
73504 63080 96004 97116 81267 96072 98910 56581 79122 90040 62182 68149 73476 92013 60991 95224 93462 93126 82518 53444 74167 85824 75107 62267 50678 69150 82634 90935 92932 87291 77304 73036 88287 88094 53605 87786 70649 84940 72535 91852 1 94570 77339 72993 52646 69637 78252 60391 89923 55717 78138 53468 50915 71845 93212 63527 88221 52131 68817 64232 60903 86218 74118 69881 72325 75125 69689 79810 75512 89879 61757 61579 84201 71700 74069 75831 98206 98342 86811 50722 55494 82462 53094 59628 65617 61383
60816 51671 1 95381 72474 98385 92781 72204 64723 52575 85728 55586 76727 67861 61767 56253 87906 80227 75418 69932 75601 75552 66897 71094 85163 64690 56234 92595 64567 55111 87890 89105 82002 63983 1 62834 55847 50326 60326 83371 99641 95447 66769 75776 54216 53253 85342 66309 82996 54507 86547 54222 69806 96123 1 71555 56015 84665 93315 71733 99260 62872 94249 82484 1 90335 51665 79576 90957 50064 91973 65617 94557 74653 91807 66430 87264 92757 86299 72558 56745 74260 82989 94285 67188
75131 60108 91473 96069 71448 72995 55647 91081 53912 80666 76183 81377 86289 94798 84117 81797 56941 96142 56268 59000 57656 54975 59254 62572 63224 56298 91593 97084 99525 68723 71948 63019 57652 84926 95294 65246 97370 61738 62295 60248 83759 72817 82533 74634 97254 52868 96465 59495 87330 69804 64095 50052 88184 74138 87556 60995 58233 78352 79210 87085 79205 64622 56604 95427 90715 72036 54079 53972 82587 72168 69398 84564 98712 54629 84403 58659 70595 87121 97492 76708 55270 90708 87038 71541
79348 61228 78739 63988 88795 71972 69944 64806 82464 53277 62947 69670 82498 89208 97483 77732 62492 52552 53809 81893 91317 71478 87725 84491 67561 63482 91600 71048 1 54851 81983 57225 53542 62783 65299 76140 79833 53003 69593 99829 55879 70837 90451 64792 60144 84137 98412 92875 51404 87116 93277 75134 75129 89236 92860 61315 50439 52662 96727 1 69812 86539 53770 54220 99100 99058 92639 66866 93916 79994 1 60980 75263 69834 57334 76125 65671 71713 64391 50970 76590 62347 52593
1 61279 90999 58853 56041 58787 67942 66053 76928 67922 93146 96327 74808 62822 54828 75348 83499 53950 61487 89806 87815 53613 55776 91482 95730 93883 79377 93686 93426 66695 67580 94616 97110 55316 92802 69940 83117 96088 69764 75793 95836 64475 97910 59551 53257 84306 85295 85738 72636 99927 81498 97821 94671 84186 75851 98533 50284 96804 63873 78929 91624 83657 90464 67655 72968 78803 91725 82549 87236 81090 77805 56004 57313 81032 66336 67918 76586 91394 70645 70427 67344 96849
90330 99182 85562 53251 66198 90441 98825 53656 69803 88807 69165 72493 58268 63409 93200 85190 99684 55279 67018 90447 73538 65572 1 66244 72329 77295 74127 56368 52290 74363 85046 98068 66596 52733 96728 74881 98536 61265 50558 79934 78354 53543 93077 67097 82672 66052 98296 88662 64756 1 52063 83684 71257 63769 86051 77897 72651 52105 90342 55835 79011 80952 52351 63512 83882 1 86668 66360 85520 69198 75314 76007 67526 77893 56371 88817 90798 57631 51852 61092 94826
61015 60280 65572 50135 62231 64328 55419 56603 80048 60705 95722 58832 77448 55147 73089 68002 95900 89339 86945 53723 54125 86880 86820 85141 74250 92861 80984 75957 96519 71772 87573 87236 59160 57388 98399 86271 76569 96194 58021 64406 60427 97420 72698 65987 55844 61538 74405 82311 82117 65211 50165 96407 1 91150 92486 70577 91855 87733 71875 51301 97140 71981 83390 99374 98239 73193 83999 50258 56808 86130 71020 53587 63253 61080 83882 76424 89354 87337 54194 51410
99494 59144 94023 95534 79263 99144 81156 56617 69894 67471 53239 71971 60916 55247 58877 86636 64805 99460 81712 98339 60783 66250 70845 91425 55688 77747 88149 85795 70591 60165 78131 51315 65023 91897 79465 75776 57461 71802 60677 68170 60335 87646 94626 72689 53218 87855 67331 90566 52135 58668 86239 79914 95007 54812 70536 79508 78741 51889 77135 85836 65049 86001 69309 60143 59949 55525 64748 77069 84976 72211 71345 86875 87573 96277 88307 84624 68763 81591 98485
59802 66855 62305 74447 60854 65560 78420 70167 95479 64142 89319 59950 88624 59008 79489 59938 85461 1 54210 65304 50977 80885 84374 96793 80813 53918 1 94950 98021 64595 62719 81396 77147 50039 58116 79149 58138 51750 72829 60429 52509 77752 91679 94601 81744 87217 76332 85370 66498 60796 61666 93908 79708 66767 92066 65015 85369 79228 89001 90302 58243 97833 99815 83100 50259 55396 54591 83932 72956 81497 99375 94974 87697 76778 82386 93595 83211 62700
99307 98192 50661 84648 1 99083 68897 89358 76004 73167 77435 58030 90953 74803 96697 54433 71877 75517 89206 66412 69435 90017 68611 55828 55099 96053 72417 55191 77548 60735 69198 54587 75189 63244 58640 56600 75793 80261 81064 94497 83219 80393 52981 68335 93208 56084 56989 97693 62407 71707 93700 67588 82395 89851 1 55999 72349 52630 68813 91356 69764 88170 61864 96323 63295 99706 85092 54131 88856 92132 82425 58330 92112 61688 75564 64438 71489
93981 71545 94698 52706 79770 81210 81341 94537 97142 93511 78638 75746 79521 1 83591 70544 51751 91162 66791 96906 63347 60069 96163 63848 96777 77008 65035 54773 77975 60215 51680 67805 88696 57690 93731 70115 73757 73928 69492 57897 95424 83553 75998 63292 76154 91103 86872 89664 52106 66614 85574 82144 66261 77756 55366 79964 87304 93275 68872 96196 55871 53390 77775 71302 99220 55517 64838 67010 57011 86053 66558 86860 70139 68348 59992 64973
1 99473 62310 78888 1 50133 80407 66502 57525 69401 71088 80513 53598 98469 52889 86522 79550 50386 57630 67401 87403 88824 56672 73988 74322 92116 86528 63216 94174 68274 82434 93004 73351 91542 85311 81408 84798 68089 71335 63458 85068 52346 60893 68431 88595 60343 67834 94155 89664 74778 91457 52340 65653 86681 77163 87529 94373 62789 71128 92456 88974 91010 61534 83610 73264 66799 52262 94166 50546 81939 1 96018 86707 87108 56388
66388 87129 1 99267 87467 94037 65540 92201 82587 70491 84277 72878 76485 95694 51419 84127 78561 83310 63477 69000 92230 54321 69295 91975 55222 57773 59990 65241 83373 94932 56748 50772 69671 80271 55390 84139 67420 62323 54084 77065 76506 1 62653 67386 91730 79732 69120 70297 71531 69722 94771 1 50663 63001 74239 62444 88292 93968 87292 74175 88999 59164 77933 58817 66023 52616 60574 65746 86826 84732 87433 93281 57308 76792
85943 99780 88998 88965 97919 51731 71136 99944 77701 74609 78371 75759 69505 66109 94071 70250 52182 92153 67222 77410 82646 58157 63030 71778 93443 83075 61065 56364 68306 95913 88748 81861 64951 1 50052 84953 98328 88030 96217 65000 71030 54604 89908 52009 96208 61187 93283 53841 97386 90843 53972 78599 94495 52427 58787 64947 75519 59238 53523 99933 77338 78367 66930 55175 99816 78133 79453 65680 95026 75751 1 99180 54475
50612 76551 89179 99525 90827 69654 93943 99749 84271 93113 63390 87570 99817 87300 64066 93709 94991 53371 81706 74508 63161 94224 80336 68440 83067 55669 55572 81352 69767 99443 60594 69305 55389 59278 95996 87086 87038 60408 52009 77756 97819 55190 69711 51618 76133 66230 62828 60013 93931 68436 74292 60451 96248 51450 60777 98948 75731 63078 82957 56912 1 82821 94634 89073 82635 68849 74505 62728 99153 69947 62529 80228
1 59478 88328 64522 99010 87125 72371 79856 94684 64720 65829 52298 52261 68660 87839 55144 96249 90188 60787 57307 92896 80478 53360 77632 88930 61924 77926 54578 65049 51274 63618 85690 92112 94570 65726 86430 99902 50332 94808 79592 99197 90103 97234 68368 79983 84004 91689 94350 60514 77739 50019 65873 54825 60228 54458 61051 87940 96153 54846 54186 94442 51467 79555 97949 80800 87393 54948 68066 85943 50686 90989
56919 95442 77107 99135 58765 64998 81219 64697 95114 65505 66493 73130 85315 53673 80768 64960 98196 70606 90084 71412 50496 65310 85440 76459 65849 64113 68068 72803 71286 80106 63682 78960 91730 97803 61638 83412 84445 62964 86526 53012 70838 86261 84794 52408 60614 97182 76177 81289 50959 53974 85258 59133 86978 66347 61210 60482 58402 77595 96313 72234 61420 95344 92927 90239 59585 81808 68460 84899 98649 1
75595 74517 79729 98301 76962 80862 73029 50035 68264 92702 72529 94718 86662 70546 64534 73009 66414 83424 62380 62211 83396 60488 97944 99240 98972 95446 87806 67495 59741 89469 57848 82519 77717 63035 1 74021 74274 69968 74461 90559 82872 51208 92235 54300 76330 76409 72190 86716 54592 77634 87534 73990 66441 99018 99162 70536 71883 75328 50899 99130 70045 97347 71503 91699 55836 95043 51462 53927 51013
69010 68967 67950 66884 95000 74274 98821 52459 63965 82159 80935 73932 72217 76513 1 81964 71658 79102 63047 80646 62120 93388 73751 81891 78854 80237 60295 60235 80002 57299 1 85589 74756 89934 75110 53959 77319 96320 86992 62386 54046 72129 66265 95246 1 81300 72932 84670 62341 62536 68105 70885 1 1 56615 75978 77940 59519 99409 52767 92397 52974 86004 58877 94837 87650 97899 59908
92299 96914 65331 66695 82577 86893 63689 87410 63948 81562 96714 93968 59104 61301 92827 67027 98468 80600 84083 95333 99285 54163 83825 77239 95808 93820 88704 69168 97630 58952 55372 89347 52701 76358 55956 80117 65942 1 79561 69499 53405 88528 54515 71790 70785 82586 61198 51207 90627 93960 80796 70991 70590 59778 70400 74698 62925 86471 85490 59282 69029 67029 67322 79905 83160 51320 72461
63943 81762 70964 91491 90211 77535 52623 86945 92840 76063 59989 96679 61421 83199 86280 81634 52015 87731 54767 73784 91372 91141 87852 86952 77247 94932 94996 79020 60863 97618 88145 54279 61847 61844 86533 88932 94892 77062 76612 55403 71205 71169 80204 67682 80628 92561 50738 90274 96345 90189 85888 63443 68327 78115 88449 84400 98154 53673 56647 80644 98734 50618 99259 87193 98021 97594
72904 52613 54798 93396 64355 95650 60165 75678 87640 72631 87064 98825 50612 90235 78248 54215 78089 56750 96152 90438 74101 82717 66396 61428 62386 84912 82837 73894 54327 51817 73836 61271 63087 65566 73117 93278 99304 74720 61945 63353 84479 79821 73858 81373 1 75812 66297 96335 64576 70427 1 56716 78269 67663 64666 54037 70619 58803 84780 98557 66075 68813 65802 97236 50393
66488 58902 77548 73243 85706 95440 67406 72186 81324 83139 68521 92040 96133 91692 53497 81249 78977 69204 90878 96588 62174 80645 66209 57443 68511 92646 90137 99151 55798 80600 89633 98451 65941 72043 81709 76871 63719 52133 87002 61466 81227 73486 56000 1 95884 54942 75108 66242 72035 88509 98641 94083 66492 65049 74652 72322 80016 89018 55424 71366 97625 63543 86695 92946
1 79980 67725 56788 71334 85028 87877 56185 78267 95722 62206 73456 57760 91556 50563 81003 61883 60537 76770 77473 65245 94426 66146 60887 83018 95286 71678 1 62215 66661 75476 73582 74209 91037 66178 96176 56399 71419 54462 66977 81510 56509 58938 89741 53113 82022 54709 97551 52343 71401 63073 57157 77468 84951 94884 55023 89824 90614 80107 90584 80221 98219 60311
75334 52761 97403 60236 54112 57293 55111 52679 81943 82992 73820 79328 62333 82282 88080 53067 98614 66220 67024 53220 59447 63758 90566 71344 89798 63716 57007 58351 93656 77132 72188 67771 60302 79753 72381 93543 81141 87730 67277 67445 64390 63444 69252 89812 89975 94593 98174 58280 88261 72724 93062 95647 52590 70506 72440 76921 55212 64837 76031 83640 95312 53468
63713 68848 99414 52153 61067 74430 66179 70326 67477 92276 68521 64375 55144 74768 68708 81419 66500 85636 50636 51452 75256 91163 50351 53792 91272 75943 70664 61372 84823 74103 76664 66155 70800 52539 75874 51795 62716 63266 71670 71911 56392 72459 55208 61047 95227 95310 70933 51962 62417 62506 76688 97887 80757 64078 79042 94692 96122 1 60927 69984 55796
69278 85273 81580 75066 50670 53598 91298 85234 98479 50947 81099 50376 50855 80710 91518 75776 87309 64066 51832 67184 69883 66162 60096 69065 99904 87593 69893 51005 79118 72944 87164 79528 57913 80999 81162 72951 1 78298 65994 56335 52631 78105 85301 88330 80221 58487 91278 54158 56929 81201 87748 77677 66395 64676 76920 1 76092 64636 90123 74347
72296 53933 68421 57063 60750 74902 55552 79335 51414 56011 55140 87102 70074 69861 53743 1 54363 54468 92764 60559 69359 79940 56004 56148 73349 89466 50351 52500 65021 80454 91921 93221 86361 1 97525 84605 68817 59565 84837 54722 69203 72498 81267 99958 94840 92681 73716 79191 98049 98097 57307 70677 51972 76067 80484 82949 79065 54029 96357
98169 55933 67926 96190 98223 54228 62460 70500 85862 95495 78725 98480 86680 93603 75274 74033 86107 63185 93778 80682 55949 89671 56746 96737 55951 89192 81734 66027 83786 84275 92806 65173 92190 94220 94915 95971 67613 65141 63165 88528 54716 69644 80540 74811 97785 50568 98064 67719 54310 96851 54765 94354 84176 67594 61421 83978 80392 61790
96013 76838 52711 51082 70416 55260 53409 90284 77618 79195 88716 71838 88730 56691 67770 87794 94957 95743 93549 92456 91383 63313 67651 57873 85171 59981 99944 53007 89186 70871 55824 80680 88307 97635 59521 78697 80266 58953 53192 91572 82491 66810 68652 51286 80892 64876 73753 94420 98141 50321 58164 72803 87421 99618 63090 61537 68447
71325 92866 86979 82885 95021 70910 97602 71552 79076 57958 65487 65408 98164 64370 89528 81376 86162 63336 65628 85640 88730 1 65317 50545 63198 73523 75215 55615 50319 67856 80172 92150 79136 50235 62075 90808 79318 76839 56733 59169 53850 72572 77722 52034 77065 1 57634 1 88009 68693 92178 81973 84125 70656 62921 82336
97108 95266 80435 90573 89235 88477 91037 91112 98979 62864 58940 53815 53776 88070 73311 53971 74996 98980 78835 64832 57267 85669 99070 96576 80162 96586 97258 93481 94596 80900 89074 76990 89674 85659 88273 80487 67860 98044 56413 92419 60522 78547 61403 54424 54268 80740 79169 98467 94586 77617 64504 75436 74545 74957 94513
81453 99442 54112 58807 69432 91202 82764 85431 84680 51131 93316 71088 91110 72653 62353 90845 59826 77891 77337 77435 53192 74874 89144 95284 75803 97672 84529 62728 73458 83238 84852 88814 94365 50132 99436 50553 78394 78712 65580 81088 66043 88606 97730 90162 79077 86782 82941 98055 94417 62714 81105 85808 96381 59937
96961 60730 53536 54970 69351 56735 88514 57444 72287 93044 93524 65910 65538 57282 91148 65904 91264 84789 51224 79270 86854 83840 57737 74740 72907 81063 70418 67441 60970 64079 51523 92353 78519 94323 83926 67016 89858 73940 68422 73601 56325 58476 87844 61395 88620 94472 64780 52082 1 80345 92323 77982 88995
74706 89378 85909 77779 99817 55705 85766 78259 76046 75834 54889 99928 62717 76428 81438 81922 96328 60535 60652 64251 95695 74504 54345 95159 95509 60463 82444 78478 57355 95782 88891 92451 61652 81233 95964 76606 80583 96150 86037 89219 68813 1 98462 89276 63272 70883 96203 62628 66154 50815 92327 82303
97035 1 90382 56210 66361 89301 1 70593 65433 53823 79302 92552 96368 73200 93680 56407 57197 62097 77750 78308 63440 72873 85673 71251 67523 52279 64036 89552 97539 63823 66079 60484 98431 77814 58002 62761 82441 50681 83701 89919 87116 87086 94353 77506 82310 62026 63458 1 63730 85633 52849
81217 63645 95068 52065 86349 78362 80124 89605 74500 85306 56087 93511 85736 99573 69375 62382 99764 84536 96550 69525 92075 71811 96790 63407 96729 57008 94150 67143 61649 72011 86430 68227 91472 66275 78866 86537 85476 86674 79261 75479 95025 98117 85459 84816 96883 53568 54882 97441 96910 78228
88575 94858 83378 80447 56731 86769 90714 87495 62128 54760 56300 72993 93026 52654 77652 96242 86299 97746 84760 57248 59772 74101 85647 64479 80821 79514 94757 61613 91862 64141 77920 84100 76737 55632 1 98732 87647 83859 94993 79060 55622 81474 53048 82344 98353 80114 62644 51947 76957
61820 86070 70557 85238 92732 91524 87120 87299 52521 69097 58199 89542 94451 61650 54217 75090 79343 62983 87818 85440 88306 89615 69831 73384 66118 92658 98096 85740 64316 81283 83919 82709 96918 62485 78369 79544 96844 66401 54709 61344 79740 63414 80456 70569 53507 53142 59286 68311
64733 60994 56123 83895 59868 97146 56557 69051 59443 80245 54901 62541 72845 55548 60823 85983 73399 94294 78192 53835 52506 55567 56664 80584 96386 72199 1 95822 85032 55247 86166 56003 80905 76247 78999 97164 80818 54274 55352 55722 62759 82613 90152 63359 95970 76536 98078
55034 57933 62379 67553 73378 93197 76925 59677 51701 68232 57046 80172 60477 96807 52229 69792 84966 71367 50776 52387 59049 71008 81473 89036 87065 55778 90171 55926 86247 65408 57880 84152 86377 98849 55679 75925 80404 74066 68675 84586 63572 57649 71954 53132 80023 56724
60381 94484 98973 99139 57965 67623 93346 89170 56030 82860 87706 76023 50722 58238 56223 81739 62655 1 88010 69287 93671 50594 54999 50954 72487 73501 89963 88857 83436 89389 62076 97957 60343 93240 52932 92074 75895 71303 70591 96351 50559 52768 84563 95539 97204
59692 93488 93960 52768 55982 79127 95328 60557 93594 61900 95878 64345 91319 63900 89869 56678 90771 1 85672 60640 94646 97253 78782 74175 91314 54574 83268 92667 69599 96004 64735 94065 85636 99331 74268 79549 73022 64343 61860 86677 71705 91745 99585 71666
96503 96352 90743 52746 69983 76691 90792 59201 73623 69714 75491 68373 57247 76872 73981 1 62443 59138 51591 57336 80238 63499 68693 61664 90759 94311 82079 69507 93663 77324 73218 69751 68612 60872 59593 70619 81985 55982 61947 52409 93992 73853 68126
83849 86644 81238 97170 84540 89632 83827 54142 61767 61971 53187 66315 80821 52919 50589 99844 55097 95676 59499 85220 73540 89371 80419 81366 91116 99639 1 59271 63913 82635 99043 84082 81627 67484 85104 93882 55312 99090 98034 77699 96871 64282
65670 99511 59864 64579 57296 81732 69365 74463 53987 69259 84782 99233 66374 84708 84447 74909 97817 85435 52932 71362 55711 86554 81928 54599 71340 81591 64447 53917 83535 51802 73701 78065 71395 71441 67598 88938 91803 88717 78875 69678 77590
74092 61734 54147 65706 75656 87606 76965 56316 90164 89300 78424 81275 83803 86272 57842 52829 68448 74666 57824 59650 67947 56581 1 93751 99054 90937 53617 89203 64205 91235 92067 90373 94832 58521 57375 86302 68910 51445 54063 86685
95713 70210 62444 66423 97040 75854 87914 72770 57747 66053 82736 88382 71106 71429 80570 90377 85343 94526 84747 72284 78897 84035 99345 56923 94388 54344 54033 56373 58539 70256 89155 73746 72371 96148 54459 71486 78559 61326 76667
56097 51672 83948 69854 80982 78986 89426 75940 81675 74876 60969 75496 75809 98122 54975 60065 61983 82069 64625 77145 64698 67500 81546 64299 78337 95133 61356 98171 94680 77701 99770 72245 85683 96609 97714 90064 99107 85798
73643 1 98672 56639 59202 1 71054 74724 68394 50096 78776 58446 92469 88279 77820 80639 86214 52337 82215 63166 75174 62248 57401 56599 96553 67312 54880 75172 61642 63763 79014 81074 79487 78160 81004 92187 84892
52488 94236 51812 1 55235 79272 90755 86029 88052 79578 87122 92975 77260 80759 97483 94599 76701 69774 61275 83558 65673 85968 62983 86122 75406 87887 84217 84586 88209 69555 63754 97010 96354 62072 62935 63682
59522 84110 99687 59537 55413 94659 52864 56069 67504 79868 96689 53093 88342 54411 89676 66872 67488 55304 68519 80392 64356 55934 61024 74845 85819 94644 91428 68839 74808 57286 66463 78781 53361 97682 65706
76800 75219 55531 81365 91469 99730 55785 56577 71463 85382 76181 98616 64818 75571 66657 94049 84977 87749 55738 74342 62569 53001 78393 62252 65523 57062 89725 72641 81301 70289 64001 92577 75346 85284
73675 88514 82700 79166 58145 68108 87756 72820 98234 83937 79879 61058 92217 64208 61330 68949 71250 86629 95568 65432 92003 67480 68733 84400 86735 57027 68280 98122 51072 61926 85134 86058 55993
96570 98369 83352 84722 86711 88575 78294 80641 97002 62785 60208 61639 60554 69223 65739 82542 52414 52642 80886 92124 62145 53866 82069 54219 58390 89628 54453 81003 97076 99247 96402 74572
96403 90722 58880 89224 71925 66911 76071 59652 51312 59169 76268 98230 53508 66280 87024 91348 85760 87315 97811 59877 91913 97029 52150 69054 61923 62527 52317 96764 54305 57298 51073
93907 67941 91491 64438 74449 63277 72798 94871 75421 65328 87725 92948 57313 64927 79738 86793 50592 77241 88557 59578 93016 72633 95385 51832 69068 86854 68163 57472 62499 72272
82568 77886 56246 51045 73077 82213 84736 85409 67020 55782 72234 72113 52825 89269 86108 50048 63965 76936 55334 92606 62732 93306 88535 62218 68699 95046 99973 68881 83228
57556 61256 59061 70993 61440 53781 62728 82232 57700 51798 87442 52690 83319 63396 76354 58600 88671 95199 51822 66705 51505 80322 71641 64969 92089 53834 76958 71635
81252 85201 55185 51817 58259 89994 84912 99567 76932 64636 87470 1 81995 93812 83257 95550 74464 62211 90837 86739 92688 53199 58823 55510 66449 59943 81536
51626 84785 80737 73680 97720 65211 71715 62559 55463 52386 60368 92229 76870 70094 85691 82536 53394 82390 1 50461 99312 99801 92999 74251 89212 59613
84071 80896 62897 87363 71335 77963 67615 76733 85405 97668 90100 78295 51670 55365 95811 71405 95236 96775 59780 62501 71048 50590 60463 60008 75659
76388 51701 84402 63634 95473 50432 61317 58477 95745 67500 81650 53910 70923 61478 73241 85193 60267 59661 72162 68533 75938 87768 57027 77826
61490 71105 1 1 82437 59495 83179 90203 94596 55127 95627 79274 98546 65058 53166 51331 80898 53819 80979 77760 51650 74478 73811
85810 98768 63396 62150 53754 84903 95706 53648 53785 66269 51772 57466 51448 86710 57506 85574 91295 76878 77829 97850 79167 53213
78048 56101 99763 83036 57976 60222 72725 77585 64951 69011 54138 74932 79736 77984 64814 57518 58984 85037 82824 51134 89617
66629 52056 60716 95855 99698 70020 78990 56291 67555 91829 51327 79328 72098 58762 67690 86900 65251 58235 71222 50184
97039 58344 83202 79787 65563 69166 54317 51573 51970 98098 52372 95881 87517 64165 80192 77998 55155 92642 97725
51684 79835 70879 74501 96744 75939 56054 51202 87040 78995 90926 79726 56757 91954 80934 66501 62851 78765
53705 60415 87442 86380 69145 61834 86119 58919 75107 56713 95920 98833 77993 57889 77075 56631 54054
69600 57935 96177 70700 76838 66920 76491 50478 80170 73800 83862 55161 93851 67194 77504 88564
60256 50968 79327 72961 75563 86367 55022 82967 51758 77246 86997 56186 85698 84607 1
84843 61370 55852 63158 52701 84810 80291 55621 93489 95707 73557 73919 92054 54094
74282 54916 97078 60767 95933 54540 74176 65987 68388 70772 76387 68039 59949
66773 98435 63416 60776 79343 96313 81445 57654 85986 68888 94727 54564
62015 65229 82470 95695 67374 58087 65553 51424 61204 94791 76702
91680 71632 85443 57978 58583 56176 62835 97689 64147 54338
64523 84084 97494 87280 94761 61439 81516 83255 71936
89081 89142 69953 64503 86750 56945 60553 89451
71028 85439 67678 80010 58079 56429 54463
60251 54421 81584 50202 57977 78527
54172 69642 80325 73293 55346
89897 91613 89930 77514
74280 85933 74172
54378 66240
68895
