100
395 573 664 1347 1377 1703 2140 3083 3231 3769 4827 7814 8896 11105 14267 15961 16418 18338 18893 21350 22629 24228 25098 26520 27205 31624 31983 32719 33204 36861 38947 40598 41600 42200 43422 43705 44080 44096 44976 45799 45912 46878 48705 49462 50080 50436 52867 52956 54933 55069 55090 55445 59214 59412 60120 60723 60832 63184 63199 64566 64851 65858 66672 66799 68391 68669 69236 69784 71311 72112 73241 73623 73862 75939 77553 79169 81230 82091 83247 83660 83766 85093 85382 86288 86817 88051 89916 90008 90518 91637 95544 96172 97095 97841 97926 98469 98788 98963 99203 99544
99999 95160 93896 93249 93154 92785 91715 90594 89322 87308 87235 84524 82310 80930 80496 79686 79268 78780 76487 75342 74939 74632 73680 73345 73323 73262 72311 70243 69242 67158 64911 64884 64567 63952 63588 63031 61416 61364 61182 59740 58442 55271 55187 50552 49904 49073 47893 47022 45952 45095 44367 43510 42942 42694 40233 38795 37886 37326 36553 34110 33222 32278 31891 30399 30384 26908 25736 25409 24655 20436 20215 18575 18181 18122 15511 15253 14363 14128 13512 12863 12504 12501 9842 9625 9036 8308 7566 7225 5774 5306 3321 3275 2578 2557 1892 1665 774 725 677
510 1083 2341 3817 6699 7042 7143 9003 9612 11020 11463 11574 13631 14422 18064 18959 19188 19813 20721 21144 21221 21879 22322 22759 23316 23564 25512 25824 27427 27461 28053 28689 29735 30853 31659 32302 32787 34497 35725 37759 38448 39509 40357 43543 44520 45746 48209 48231 49923 50554 51514 53567 53842 55042 56969 57901 58946 59966 61014 61478 61871 64783 65649 66786 66841 69919 70188 71798 72048 73738 74251 74536 76248 76575 77784 79185 79205 80092 80183 80289 81042 81765 81785 82560 82642 84393 85137 86359 86395 86638 87385 87870 88317 89630 91132 96115 97173 98399
99796 99728 99165 98477 98091 97913 97502 95816 95284 95094 93913 89281 89093 87180 86692 85627 85052 83398 83208 81972 81385 80035 78566 78498 77726 76079 73364 72787 70627 68136 67670 64956 64441 63035 62374 61484 60272 59313 58942 58098 57943 55123 54865 52975 51632 48962 48805 48418 47327 45620 42779 42160 41812 40656 39894 38522 38422 37810 34516 32958 32046 31534 30622 30454 29508 28661 27314 27214 26726 25564 25403 23682 22724 21799 20320 20132 18283 16663 15077 14014 13962 13916 13621 13141 12072 11947 7826 7270 6829 6649 6315 5938 5258 3690 1635 1439 468
601 1005 1176 2307 2429 6803 7113 11305 11580 12451 15662 15677 15956 17735 19136 19312 21307 21525 21658 22852 23031 23825 24529 24824 25662 25816 26632 27477 29408 29416 30281 32045 32271 32427 32906 34174 34730 36335 36833 39261 43495 44559 45271 46201 47829 48097 48507 49002 49967 51740 52886 54454 55768 55804 56811 57640 58337 59713 60187 63598 63743 66407 66973 67295 67759 67955 68731 68884 68959 69378 69972 70313 71015 71125 72006 72349 72521 74008 74656 74825 80678 81278 81555 82143 82401 83066 84880 85592 86832 88001 88962 90715 95072 98534 98745 98833
98843 98668 98431 96533 95705 94666 94642 94368 92561 91909 91554 90156 90072 88842 88699 87965 87667 85545 85041 84961 84216 83646 80622 80287 78529 78226 74287 74237 72694 71815 71301 68370 68048 67334 66188 66173 65645 59308 58292 56489 56245 55591 54439 53105 52667 47476 45157 43491 43218 42368 40447 40397 39273 37881 36873 35087 34679 33589 33482 33386 33175 32681 32579 32377 31305 30539 29586 29170 28296 26239 25247 23625 22866 21880 20483 18996 18683 18290 15021 14931 14436 13779 13448 12588 12536 12077 9886 9343 8808 7418 6578 3687 3047 2528 1859
863 1075 4076 5654 7753 8745 9033 9036 9113 9765 11757 12317 13110 13990 15060 17321 19165 21732 22009 22084 23133 27268 28319 29010 29073 29526 33452 33462 33869 35261 37627 38334 39141 41396 42531 42800 44783 44847 46878 46951 47469 47592 48947 50593 51137 52242 53389 55289 56113 57034 57565 57691 59466 60469 62163 62388 64881 65554 68593 69066 70011 70242 71640 71643 71953 72413 72749 73869 76434 76878 76989 77034 80120 80630 80732 80917 82304 83129 83133 83502 84894 85111 85898 86445 86949 90567 91847 91996 92183 92781 94001 95968 96110 97293
97985 95685 95598 95378 94277 93234 91575 91368 90995 90696 89315 88710 88215 88198 87774 85901 84816 84207 82756 80781 80714 79779 78183 77513 77007 75491 73244 73162 71734 68931 68803 66879 62721 62256 61978 61557 60957 60092 58089 57934 56537 56262 56051 54970 54950 53131 51861 51798 51373 50657 50309 50087 49538 46803 43287 40564 39673 39098 39085 39000 34992 32862 32580 30911 27642 26775 26225 26000 25687 24797 24298 24246 23968 23298 21622 21038 20513 17668 16706 15440 15225 15095 12588 12442 7720 7421 5580 4579 4219 3443 1846 1659 246
158 820 1878 8336 8559 8561 8705 9287 11442 12315 14185 14384 15084 18301 19257 20098 20140 20237 20320 20734 21139 23678 24823 27216 27463 28094 28986 29175 30238 30518 32733 33021 33799 35923 37535 38191 40145 40231 40274 40507 41021 42769 42810 42988 43856 45846 48192 49514 49814 52791 53723 55646 56522 56951 58520 58527 62582 63134 63233 64027 64032 64150 64639 65432 65633 65978 67348 68490 68590 70261 71521 75781 76031 76085 78108 79469 80966 81477 82818 82929 84991 85062 85496 85575 86040 86455 88168 91043 96425 96640 96717 99450
99752 98196 97965 97294 97224 97204 94509 94069 93206 92776 92430 92198 90975 90194 90038 89159 87029 85508 83913 81471 81181 80926 80468 79281 78975 78331 77239 74349 71912 68554 66262 64244 62662 62473 61431 58151 56562 55354 55022 54821 54492 52731 50853 50010 46934 45144 44805 44078 43865 43367 42924 42825 40068 38618 35770 34648 34578 33609 32688 32606 31382 29351 27711 25083 24864 24096 23677 20382 19702 18604 18587 18176 17056 16993 15683 14433 14326 14063 13420 12515 10200 8890 8460 6926 6335 5899 5748 4553 3989 3806 3575
4322 4881 5000 5655 6559 8670 9439 9588 10175 12057 13914 14355 14912 15922 17953 19185 19376 20254 21621 21967 23830 24392 28717 28798 29091 31581 32714 36194 36481 38699 38909 39810 41528 42188 42604 46486 47380 47953 48233 50519 50845 52052 53615 53875 55081 55339 55957 58567 58608 59076 59090 59588 59632 61069 61478 63097 64142 67087 67279 68076 69168 69682 69985 71590 73112 74039 76689 78104 78220 80946 81355 81573 81835 82407 82425 82446 84961 85532 85992 86162 87893 89569 89597 89913 91481 91802 92281 97039 97576 98684
98723 98308 96288 96188 94578 94419 93796 92369 92221 91608 90078 90035 86875 85519 83383 82889 82391 82186 81736 81266 79731 76597 76445 75958 75840 75149 72490 71164 70646 67433 66882 65109 64607 64129 62715 62539 61665 61650 61482 60722 60705 59268 56421 54741 53314 51331 50605 50556 49097 45301 44624 44332 44052 43475 43313 42173 41170 38511 37621 34544 30021 26602 26529 26149 25073 23270 23224 23106 22795 21789 20310 20055 19388 15863 15174 14920 11004 10564 8878 8714 8554 8473 7905 7448 6957 5519 2562 2327 1546
2654 2696 3010 4449 5481 5560 5768 5963 7165 11398 12651 13280 13911 14671 16940 18336 18798 20402 20729 21366 22288 22389 22398 23125 24020 25052 26510 27171 28500 30158 31475 33648 35421 36640 38324 40805 41519 41940 43236 47263 48704 51732 54239 54990 55622 56763 57499 57726 59445 60208 60601 61450 61479 62023 63110 64925 65947 66293 66460 67116 68530 68880 69666 70277 70819 75179 75602 76641 78242 78361 78860 80096 80241 81596 81837 83643 83863 84286 84501 87654 88135 89333 90366 91735 92887 97057 98513 99046
98910 98784 96967 95074 94307 90546 88941 88810 88443 86490 86482 84228 83748 83602 82070 81606 81556 81055 80548 77616 76300 76292 73822 72686 71892 70104 70092 65810 64135 64050 63252 62010 61686 61481 57212 57143 57085 55382 52703 50477 50335 50159 50151 48806 47152 47027 46953 44267 41711 41104 41020 40858 40728 40349 39483 34616 34039 33874 33657 33278 32489 32469 32040 31736 30813 28642 28487 28222 27858 27251 26334 24524 24387 23343 21335 16782 15901 12852 11752 10980 10391 7969 5903 5176 3901 3007 2442
629 907 1187 2258 3189 4639 5581 7444 8158 9454 10652 11246 12374 13500 13824 14137 14645 17435 17907 20058 21617 21706 23175 25535 26799 28941 30194 30273 30764 31233 33316 33574 33606 33869 34581 36189 36513 37979 38796 39182 39708 40005 42492 43906 45070 45621 48386 50314 52668 53057 56969 59286 60408 62402 62743 62787 63699 65669 66478 67519 68070 69377 69581 70920 74428 76458 81386 82085 82966 83053 83285 84271 85803 85967 86099 86535 88008 89053 89492 89711 91286 91680 92500 93354 96501 97449
98525 98525 98271 97923 97173 95754 94037 93874 92274 91954 89820 84288 82689 82651 81619 80893 80334 79475 78968 78547 76613 76478 75464 74305 72978 72607 72080 70174 69734 69243 68842 68299 66655 65577 63734 63331 62436 60725 60579 57669 57527 55650 52396 48638 48100 47913 46840 44551 44254 43994 43157 40670 40060 38999 38088 35999 34947 32377 31891 31465 29632 29166 21740 20970 20902 18349 17581 17328 16094 12057 11938 11149 10696 9590 8900 8613 8590 7838 7519 7077 6167 5303 3948 2710 1375
4583 4914 7247 8688 9126 10332 12096 13597 14152 14630 17555 21350 21703 22975 22984 24027 24461 24840 27151 30506 30987 32250 35955 36006 37555 38636 38719 40269 40736 41627 42031 42420 43904 44320 46864 48710 52084 52633 52944 52977 55108 55244 56940 57184 57454 58961 59098 59995 61276 61953 62713 64329 64331 64340 64891 65488 65819 66154 67239 68017 68587 68754 69079 70239 70926 72945 75667 76753 76894 81366 81680 82288 83297 83840 86282 86996 87098 91742 95952 96276 96378 97955 98364 99092
97832 97260 95760 95462 94830 92794 91619 91501 91327 90540 89491 87293 84968 84701 79024 78235 77283 75976 75584 75531 74463 74366 73503 72828 69461 68682 67200 65657 64241 63168 61343 57776 57556 57048 56766 54686 53940 53822 53029 52343 52218 51927 51855 50242 49837 49383 47099 45000 44335 40240 38795 38109 37924 37070 36289 34953 34771 33380 32559 32136 32090 31193 30251 30065 27018 24343 19429 17894 17255 14906 14749 14101 12081 10563 9857 7184 5897 5201 3703 1845 1655 1652 1222
59 249 1619 1753 1981 3466 6545 8729 9434 9778 9811 10389 14229 21867 22118 22417 22947 23026 23213 24206 24290 26211 27138 27146 27634 27802 28145 30312 31053 31055 31403 33417 34022 42566 42629 43469 45800 47184 51698 54048 54085 54764 57341 59236 60813 61217 62014 62145 63179 63436 65143 66415 67676 68306 68786 72857 72898 74171 75494 75511 75724 78888 79447 80164 80613 82436 83308 83752 84276 85962 87267 88053 88618 88811 89168 90249 90321 91788 92107 92731 98015 99389
98912 98817 98338 96493 95582 95256 94937 90154 88662 87092 86404 84395 83767 82973 82487 81446 80829 78614 77703 77475 76933 76025 75739 74766 74742 73479 71150 70703 70605 67773 67589 65730 64512 64018 63535 63405 63188 62593 62525 62267 61967 60857 60540 58547 56928 54131 53788 51609 49858 49672 49173 48910 45092 43342 42270 40552 39684 38325 38014 35380 35139 33281 30916 29366 26131 25199 24705 23969 22613 20272 19753 18626 16423 16165 13401 11523 6841 4564 2491 1077 63
1743 1766 2173 2491 3592 8763 8769 8902 9739 10038 10480 11148 11886 14086 16005 16755 20605 24107 26028 27267 28972 29468 30171 32359 32377 33620 34773 37507 37629 38129 39940 40963 41785 43985 44112 47988 48905 49367 49562 52270 53094 53611 54672 54734 54977 55199 57590 58758 61699 64084 66592 66981 67502 69262 69637 69907 71287 72114 72255 72304 72338 72637 72660 72965 77495 77563 77967 85677 86112 87644 90048 90903 91007 91620 92820 94380 96776 98072 98186 99748
99560 99560 98716 97365 96618 94834 94732 92417 92370 90484 90405 89985 89890 88743 87267 87140 86015 85966 85801 85291 83162 81574 79966 78463 77243 76810 76653 74618 72082 70854 68843 68042 66073 63290 60368 59478 59056 58741 57936 55011 54736 54163 53029 52062 51578 51043 50973 49907 49794 48763 45027 43638 42811 42509 37455 33404 32380 31930 31085 30458 28995 28274 24681 23695 23268 22980 22972 19922 13107 12996 11781 9780 9578 9018 8478 7613 5223 3500 278
25 285 1945 3065 3531 8630 10709 10847 10927 11017 11153 11181 15664 16971 20208 22457 23091 25034 26188 30637 30670 31726 32272 33231 34284 39125 40166 40210 42065 42421 44542 45808 47900 49634 50542 51133 51283 53347 54267 56091 56632 57854 58031 59872 60720 62220 62406 62768 63756 64117 64219 64589 67430 68350 69401 70078 72180 73028 74667 76300 77138 79437 83068 83372 83677 84369 84483 84522 85741 86481 86695 86733 87384 88841 92505 94791 94947 99473
99593 98778 97368 95429 95301 94740 91730 90665 89592 89427 89073 88778 85763 84208 83910 83433 82697 81695 80043 78268 77043 76478 74646 72313 70171 69023 68386 67405 65866 64664 63261 60816 60683 60069 58729 58435 57774 56863 54977 53823 51071 50625 48983 48150 47386 47017 43240 42860 41046 38795 35784 35680 34025 33179 32646 31548 28917 28845 28315 27494 25552 22810 21602 20873 15366 14630 14423 13587 13448 12157 11050 10365 8629 7860 6669 3121 1234
2213 2412 2496 2987 6737 11220 11685 12489 12982 16632 17612 20841 20857 21385 25034 25506 25513 25662 26000 26460 30105 32835 36144 37572 37872 37916 39551 39736 42028 43660 44304 49268 50009 50157 51146 51553 51918 52581 55312 55485 56776 59561 61189 61395 65702 67465 70746 71833 72010 72434 75952 75959 76591 77288 82677 82815 84309 88718 91538 91885 91911 92148 92335 93155 93697 94005 94705 95320 95361 95712 95999 96937 97020 97525 97594 99020
99619 96271 95867 95135 94438 92204 90435 88442 88110 84882 83739 82384 82032 81821 80922 80369 80008 79716 76948 76460 76392 71486 69947 66909 66616 64491 61360 61308 58085 55319 54999 54745 54144 53598 52584 52368 48807 46980 46200 46093 44956 44696 43716 43602 42929 41685 40746 39494 38953 36201 28950 27183 26803 26613 24657 24205 22996 19255 16721 15429 14328 14314 13696 13000 12282 12207 9803 8975 7895 6650 5033 4496 3951 2716 920
1647 3900 4934 5632 6365 11371 12595 14845 15941 16814 18112 18818 20126 21070 21662 23593 24280 25118 27840 28003 29695 29957 34755 35072 35644 38419 38965 39386 41926 42247 42657 43258 43938 44879 47314 48223 50083 50384 53129 53595 53672 54862 56971 57161 59617 59622 60806 61594 63040 64161 65828 66788 69139 69181 70531 70563 71367 76192 76590 78092 78180 82247 83110 84049 85369 86728 88632 89558 89975 92057 93885 94787 95941 99691
98840 98483 96746 96656 96547 96082 95608 95604 93657 88459 87725 87405 87002 85359 84897 83673 82540 81970 81855 81534 79268 78535 78420 77969 75778 72839 72056 71487 70919 68627 65844 63764 59954 59333 54449 53922 52303 50551 49084 48212 47937 47679 42257 40140 39942 38765 37810 37134 35002 34975 34235 30274 28029 27454 26629 25933 25398 24109 23613 21196 20209 17906 15550 14570 11826 11278 10828 8704 6769 6592 5715 5578 1168
2111 2706 7283 9191 11237 11677 13119 15615 17372 18248 19555 19645 20140 20988 21849 25519 28120 28180 28339 33325 33364 33831 36385 37396 39827 39829 41259 43154 44801 47175 47692 49106 51697 52362 53143 53414 55974 57558 57564 58124 60435 60439 61008 61611 61902 62191 62506 62585 62595 64711 66060 67369 68881 69269 70168 70365 73126 73876 73953 75454 78739 78885 79458 84562 85447 88716 90735 95194 95488 96898 97715 99652
99710 99673 98553 97658 94694 93308 90673 89155 86854 85294 84140 84096 84062 83280 81996 80775 79063 78172 74808 72859 68245 65258 65058 61142 59946 57627 56613 55814 52955 50739 47813 47737 45345 45224 45194 45063 43757 40036 39248 37881 34503 33843 29745 29441 29308 29014 28835 25362 25089 24649 23817 23025 22208 20114 17095 16912 14726 14519 13299 11832 10969 10030 9111 3645 3313 3012 2756 1913 1281 648 255
243 5901 7225 7601 10961 11376 11577 13077 13621 15555 15661 19023 19116 20297 22200 26517 26832 27313 30895 35550 36881 37002 38413 39776 39917 40183 42388 44061 44820 44983 45472 46371 48724 48913 54360 54887 55937 56404 58114 59236 61227 61475 63839 65670 65998 66808 69525 71846 72187 72368 72611 74054 75104 75881 78386 80494 83764 84246 84394 84686 86344 87308 89983 91765 93924 94517 95090 95101 97311 98797
99759 98467 97315 95427 94539 93544 90958 90044 90042 89565 89556 87566 86337 83887 80116 77616 77029 74778 70610 68860 67663 66363 62112 60349 59526 59099 58259 57440 56517 56415 54647 54559 52243 51749 49170 47789 45579 42485 38651 35418 34604 32891 31348 31300 29596 28946 25968 22750 19352 18611 17691 17066 15469 14997 14172 14008 13864 13542 12836 12635 12198 10742 9745 6354 5319 5214 2744 2088 374
2800 4374 4593 9912 10486 10903 11900 12382 12422 13022 16334 17588 18168 21121 25029 25334 25512 28384 28843 31074 31522 36689 39113 39431 39950 40972 41489 43106 43371 43402 45534 46260 48634 50316 55882 56110 57638 58337 59037 59461 60038 61063 61751 62076 63345 66286 67920 68951 69358 76850 77473 78069 82923 83354 83508 87062 88748 90438 90519 90842 91874 94778 96269 96599 97663 97992 98546 99851
99206 95819 94239 91631 90485 89310 86577 85467 84710 83492 82235 81896 79297 78273 77367 75329 74868 73987 70271 70096 67117 66877 66816 65757 63434 60158 58214 57170 56826 55892 53623 52985 52609 51282 51135 50818 50794 50482 49397 49390 49061 49033 48661 47815 47791 47438 46523 46316 44818 35231 31638 30767 27586 26820 25256 21913 21796 21031 20675 17344 15726 15694 8476 7993 6472 4812 3653
5935 6105 6681 8989 12336 12771 14850 15276 17009 17906 23212 23861 23989 26682 27713 28699 29929 30991 34187 34401 35493 35588 37756 37851 40018 43046 45332 48024 48227 48475 54489 55560 55596 58594 61858 62728 62924 64198 65209 66996 67643 68757 69822 69865 71777 77214 78623 81405 82534 82566 83697 85163 86153 86825 87088 87522 90390 90656 90767 90828 93314 96103 96982 97948 98711 99503
99307 98864 97855 95744 95074 94434 92591 92312 90487 89664 89495 85609 83153 81894 77489 77213 77075 75213 74891 73508 73384 68532 66262 66072 65267 63347 63251 62126 61383 61370 60945 60465 57499 54229 53980 53572 52040 50698 49112 46866 46355 44509 41628 40133 38318 37697 37289 35404 33300 33231 33099 30107 28828 28167 23063 19368 15637 15582 15106 10375 6276 5853 4824 3638 41
2723 3357 3867 5396 6208 7073 7710 7904 10704 10822 11372 11922 14032 14209 15473 16642 19475 23147 27515 28502 28946 29415 31739 32425 32471 33196 33628 36542 37294 37466 38998 40242 40341 41739 45983 46587 53336 53414 55313 56297 56854 57724 59532 61697 63069 65575 67083 75338 75706 76774 77262 78716 79773 80123 80900 81274 83330 85042 93047 95586 95671 97267 97545 98143
99596 98392 98204 92800 92771 92057 91478 87323 85807 81211 78013 74271 73041 72396 70398 68751 68221 67267 65918 65849 65262 62401 62169 61558 61540 59264 58805 55795 54141 52959 50023 50004 47692 47165 44080 43940 43160 40066 40036 36707 35448 34420 34028 33037 29731 29197 28891 27990 25150 22577 20897 16906 13622 13219 13084 12193 11600 8958 7113 6784 4799 4208 1793
311 3090 3657 4866 5550 6598 10860 13167 15996 16182 16691 18758 19130 21178 22940 23999 26721 27335 27859 28615 29822 34376 34418 36434 36548 37856 40162 42555 43499 45085 47272 49704 51522 51545 55589 58767 61219 61438 62824 63183 64849 65410 66513 66604 66656 70687 71810 77924 78553 82655 83905 85457 85883 91112 91408 91707 91910 92182 93382 93718 93840 97202
97818 96908 93773 93183 92198 92123 91622 91418 90777 90774 85484 83833 83507 79991 79653 78776 76326 75643 75593 74440 72446 71641 71587 70444 64072 62449 56897 54170 52937 50394 46866 45652 44003 40186 38164 37796 36110 32198 29223 28112 27453 27125 25801 24966 23774 23594 22284 17836 17824 12510 12397 10125 10088 7745 7683 6268 5961 5019 4976 3237 3078
277 638 4409 5262 5468 5744 10154 14582 14633 16117 17324 18572 19259 21382 22962 23178 23419 23484 24245 25651 25888 32443 33239 35126 37782 38538 38583 39175 41263 42203 43913 44032 49082 51621 52121 52185 53245 53659 54583 55985 57295 65495 65735 66138 68513 68866 72396 72567 73470 77221 77428 77877 82523 83842 89872 90050 96213 98386 98665 99382
99351 99227 98766 96836 94507 93739 89637 86189 83515 83397 82145 79934 77219 74154 73389 72276 71841 69426 67851 67620 65905 63091 61585 60756 57984 56515 53906 51623 45145 45056 42312 40526 38577 38466 38176 37672 37115 36548 31489 30346 26690 25725 20169 19950 15838 13745 12843 12124 12093 11763 11502 11295 7995 7963 4819 3044 3021 1116 1089
907 2229 4179 4546 4891 5273 5627 6684 7584 8571 13294 13840 16652 17344 18508 18547 19338 19360 22659 24620 25826 25909 31062 33691 34205 34449 37647 40275 43396 43894 44782 45641 45666 45688 47055 49114 49161 58128 59730 66059 66792 67045 69067 69178 71723 72149 76300 79036 87723 88008 90136 91047 91443 93443 94157 96350 99094 99961
99668 96897 96707 95782 88984 81156 79467 77820 77759 77660 76829 75164 73479 71084 68226 67842 63288 63074 61026 56974 54662 51095 49968 49674 47912 47832 47625 46524 45720 45645 40626 40398 36934 34627 33834 32803 30448 28715 27411 26704 24616 22242 20508 19165 18828 17741 17666 15346 15236 12807 11501 11499 6692 5866 4480 3560 2727
1306 1790 3098 5749 10330 10387 11451 11904 13294 18910 21210 26062 26236 26414 32517 32541 34741 36743 37606 37658 43057 46341 46466 50436 50724 52179 59682 59762 60188 61749 65419 65489 65686 65951 68473 69570 72746 73535 73625 74229 74730 75712 78286 81232 81418 81578 81719 82021 88276 91037 91623 93042 94852 95948 96587 99788
98543 98142 95157 94737 92672 87391 87194 84173 83844 82840 81580 76925 75529 72951 72291 72114 71536 70445 69741 63991 63973 61570 59489 59226 58601 58148 56111 55379 51821 51071 48882 47881 46840 39448 36767 36244 34161 32239 32080 30319 29763 29412 28108 27601 26201 17249 13860 9888 8885 5713 4866 2803 1918 1493 61
340 1678 3560 3897 9978 12226 13959 15090 15789 19518 20614 24608 25680 25990 26299 30361 30833 35220 35694 36681 37963 38516 41244 44273 45259 46874 47600 48394 51284 52268 53107 58259 59003 60648 65163 67610 68126 72699 75489 78930 79057 81034 81819 83023 84251 84757 88991 90009 90082 90359 90859 91757 95814 99107
99580 95077 93053 90626 89790 89457 88901 85802 83407 77704 76310 75069 75010 74599 71491 69288 65778 65150 63810 63571 63130 62442 61935 60303 58141 57307 56271 46563 46480 42869 41761 39447 35399 30871 27892 27761 25440 24169 20407 20323 20297 18726 15932 13754 11166 8941 7298 7257 5328 2377 1359 1025 923
2492 2807 6400 9163 10847 11665 13170 14460 14598 16099 16645 18252 19682 20328 22469 22573 22775 31836 40812 43874 45288 47023 47610 50177 51513 53079 56258 56397 57141 58512 61303 61562 62758 65029 65131 66637 68261 69197 70524 79990 83350 84754 87702 89840 89986 93177 93568 96702 98443 98740 99591 99593
97995 96384 95209 94523 94252 92247 91909 91357 88797 86983 84315 83637 83371 83226 81776 81595 81268 80853 75695 73813 72185 70538 68582 67237 65577 64699 64225 60908 53353 47763 46355 44503 41283 38958 38776 36818 33510 33355 27569 23948 22485 19784 16712 15621 15438 11372 5801 1829 1824 1583 230
425 6780 6926 7268 8534 10186 10527 11706 12415 15924 16232 18430 19386 21320 22717 27198 29055 30186 30776 32640 45437 47260 52501 54537 54684 54821 57054 57541 59132 59409 62674 64286 67439 72286 74781 75411 76050 76139 76607 77891 82583 83556 85756 89560 92019 94447 94514 95078 95813 96502
96249 95429 94595 92911 85989 85318 82166 78197 76759 71016 70430 70226 69267 67965 66229 64486 63345 59884 58690 56197 51503 48157 47864 46341 44014 39898 38610 37183 35102 32768 32424 27879 23459 23026 23012 21474 19942 18829 16012 15624 12249 11694 10782 9843 8910 7716 5970 4938 1639
834 984 2704 4868 6755 12795 13273 16389 17166 19915 22667 23382 25473 26892 28286 28991 29480 30136 31865 33490 35222 41169 47196 50771 50868 55183 58712 61676 62923 63349 63410 65830 76503 79079 81170 82583 84046 85877 86281 88454 89287 90208 91046 93421 94251 94477 94593 96449
98732 97334 96295 95834 94657 87647 86655 86305 85766 85373 75580 73498 72962 70859 70167 67982 67522 67038 65393 61221 59044 59006 58003 55015 52828 51488 50708 48419 45322 44718 43278 40748 39587 36972 36786 36399 34931 25921 23911 19156 13669 11847 11726 6725 5380 2528 724
1544 2407 3874 4209 5197 6435 7191 7360 8323 9443 9993 11309 17534 17913 21479 23391 23734 27176 32417 35934 37606 39782 44848 45709 45727 47687 47777 53227 53428 53454 57224 59344 60896 61282 61539 66070 71357 74191 80612 81456 86500 88163 94378 95300 95854 96662
96713 96321 95727 93412 91618 91546 91018 86986 82487 81291 77962 74610 72348 71286 70896 64800 63764 61043 60382 57340 57267 56901 53243 51805 50165 48394 41766 39741 35853 35253 34622 31486 27641 26523 24044 23053 21312 18348 15135 14152 10854 10190 9752 7333 2826
2268 2620 3535 6525 8259 17521 18491 18986 20207 24699 24838 26447 26717 27415 28899 29292 29916 29932 31738 32696 35691 38594 40490 53347 53854 56097 56404 59362 61664 64637 66473 68360 69875 73298 75123 84085 87194 87750 89320 90627 91445 95609 96840 97004
97667 95555 88496 84071 77663 76100 72357 70040 69700 68251 68033 64614 64003 63766 63386 62912 61107 58093 52458 51687 50723 49375 49054 47381 45578 44102 39894 39125 37828 36248 35139 29654 29214 28089 27197 26686 24902 24140 24067 16437 13485 12970 1586
557 3928 9477 11424 13086 16511 16808 17767 19810 21525 21603 23445 26482 27344 28073 32788 33232 34832 35307 36815 40939 43534 46068 47228 52206 58308 60376 62254 69216 74443 75002 80835 81480 82098 86469 87223 91527 93926 95443 95575 96769 99273
97916 94753 92608 89551 88726 84430 83289 83287 81585 74105 71585 70920 68788 64121 59703 58908 56859 55653 54887 50178 47236 47008 45053 44527 41537 35975 29235 27623 24387 23649 21458 21270 16764 14023 11439 7276 7269 3748 3621 2088 64
7273 8389 11968 13206 15166 18763 19054 20513 20728 23177 28897 30492 32696 33525 35495 37138 37538 39906 45259 49818 52695 59722 61071 61325 61481 62103 63155 64185 71066 74383 75193 77297 80520 81811 84972 85208 85516 86171 92666 97905
98558 97828 96859 95143 91398 91355 90763 78773 72775 72168 70236 60670 60179 59532 59447 57291 56223 51033 48764 45865 42816 38572 37664 35105 34974 28583 21152 20803 20034 17376 17285 16827 15522 14414 14341 13731 13012 11547 794
5206 5440 7659 9049 14339 14825 14827 20435 24754 25762 26461 29016 30335 33462 33544 38854 43179 54802 55076 55746 58138 58877 62323 68083 69395 69414 72817 72968 73209 75076 78147 81186 85170 88408 90687 91045 94442 96559
99266 99019 97619 96885 91881 91697 88067 85952 84913 78491 77871 74226 66165 60303 51429 49808 41975 41921 40861 33772 32222 27005 26696 25407 25314 24201 23996 22552 18574 18189 16212 14552 12320 10049 7904 3299 2149
2166 2586 2931 3143 4792 5129 7598 11224 11658 16218 17353 17379 17687 20291 22140 29817 35343 40675 40864 44410 46108 51111 58853 61198 63532 65319 69499 72851 73316 80095 80925 84586 86129 92469 94256 96647
94217 93379 91923 88332 83589 83426 81952 68812 68281 63927 60799 60452 59769 59436 55547 52684 51016 47090 39372 38825 38044 33979 32926 24006 22373 20217 18665 15859 14425 13534 12023 8605 7073 4814 740
1703 3088 3777 9333 10483 20828 25257 28038 31296 33986 34995 36718 38104 48184 51473 59016 59245 59695 64794 65966 69125 70393 73033 73703 78115 78411 80957 81598 83030 85821 92362 94814 95892 98908
99286 95521 93389 90349 88849 83722 83113 72741 61390 59337 55990 50955 43423 42499 41178 38932 38257 35135 32790 31831 26646 21795 20832 19943 18280 13818 12388 12074 4224 3210 2916 2745 707
274 3569 5868 7215 10046 13806 19386 22757 23104 25667 27349 28278 31226 35310 42605 44192 52132 55084 57665 59265 63407 67103 67146 68108 72844 73610 75587 76099 76947 80330 83156 88852
95365 93179 92829 90598 88764 86521 85421 77562 77552 74325 70559 66876 65357 64614 64254 61578 60835 55460 51390 50077 49355 45584 43694 40904 39050 37628 28841 27131 26442 12492 9366
2089 3597 5481 7117 11563 13162 14691 15410 31328 33982 34405 34694 35497 39205 46149 48957 49688 49968 52633 56301 59522 63906 66290 68167 77482 79044 85006 90319 92438 94821
98244 91613 88464 78151 75891 67293 67105 62513 62021 60447 56304 54003 53685 52097 50598 46245 45802 41515 37163 35069 32013 29741 26208 20874 20406 15417 14986 14956 1403
8962 9424 9619 12072 18249 18529 19462 21705 26117 27864 32734 34373 38719 44458 47287 51831 61675 64424 71831 75043 76598 76637 79316 82008 86880 87914 92412 97531
97815 94752 89933 89023 86574 84485 78178 73347 70881 69156 68543 66644 63331 61430 57370 54542 52875 43256 40869 40694 39951 38170 34537 34064 28397 15751 12409
228 3819 9926 17306 20270 25260 26709 28813 29997 31964 32178 32986 39269 40597 44680 48958 52339 54462 65775 66334 66462 70908 82229 94237 94548 96073
99745 93256 88789 85936 84341 83190 72914 70037 67652 62830 56584 48854 47736 41902 39627 38471 36890 34738 32658 26796 17310 14742 13876 10643 9333
7660 10466 19371 19836 26176 31597 33577 40467 42191 44324 44497 49892 51444 53787 64210 73415 76451 76523 76828 79490 83305 94885 97013 97249
95178 94735 94550 90487 74948 71522 71444 62795 54101 53188 51597 49438 37404 37297 33124 32455 29977 29396 24093 23645 21351 6052 1339
2836 6168 12953 15175 15273 18066 22423 25123 28227 30175 32543 34892 40707 45578 46543 53600 70819 77512 94847 95629 96393 99657
98640 88871 79751 78965 74385 71900 70865 69528 62922 58502 56375 56170 53941 53929 41824 38475 33254 26267 23474 5437 1409
2194 8317 9023 15589 20769 31791 33177 39319 43147 48680 55305 61632 62335 75846 88220 89068 89788 92723 95551 97208
99237 94203 92648 92607 81879 73617 64668 64278 63169 51239 46688 39084 37918 22827 15033 13450 13285 11907 11388
12 4704 12354 13455 25425 25578 27975 30482 32785 33779 39792 57700 63889 66441 76451 76536 79996 91174
95648 90012 89238 70405 60176 53856 40217 39181 32628 29485 29461 28310 25057 22210 20356 17431 4106
22465 29088 34493 37622 43947 44649 48311 52035 65209 70876 71870 72132 81295 83457 83907 97815
87665 84415 71714 64137 63352 61228 50318 43755 38002 37423 29321 26361 24713 21823 15238
3700 10367 14574 16314 23239 25762 58966 59893 63556 73480 79200 80350 81250 94188
99792 77993 72577 70265 62769 61339 47516 38095 36870 33348 28263 9023 5540
2231 13725 40465 50339 51010 53411 54247 63168 74708 85025 88054 96236
98327 97462 95983 94866 82251 77734 58559 57505 51560 40023 27491
1806 7770 11988 55858 56136 59535 59804 67392 72376 93429
95040 94927 91142 81419 77975 37319 32705 13667 3431
13812 14480 35322 53035 55351 63813 82842 95446
91781 82154 74849 58240 35174 24466 14726
9445 13413 23104 24607 44954 59057
82827 53545 50461 30831 18043
52850 58524 91518 99303
59547 25963 9458
12493 73450
6968
