2000 2000
1404 969
511 1809
937 632
943 1814
1653 553
820 615
774 172
1495 624
1429 1372
935 120
1603 122
511 1064
395 1035
359 270
202 1148
1009 1344
1401 839
111 861
1249 878
820 1103
1960 928
1589 1016
1056 390
226 40
2 1900
345 704
748 574
656 526
464 910
1702 1632
17 29
544 1099
1603 741
1046 235
820 613
930 81
1150 897
820 1433
863 951
1321 508
486 941
1305 245
1688 1708
1546 287
62 840
1123 1289
658 845
791 1690
1179 1910
1530 239
1691 1823
1350 109
1145 692
1358 1166
1673 1280
605 1841
365 458
1219 1981
437 1845
326 181
1909 1368
1347 623
637 1253
1747 807
676 563
1907 1942
873 1160
1144 201
1812 865
282 358
1496 1456
91 314
469 820
288 820
1500 1298
513 287
1045 268
237 466
628 729
905 820
272 1193
780 1863
1761 820
230 362
733 1096
1413 820
1111 1506
1554 1531
539 1994
853 510
648 115
820 1883
328 884
1447 1759
132 1837
1335 1481
820 172
1916 1445
374 1214
1714 1732
908 383
977 364
943 523
609 6
907 88
1925 1163
1742 1982
1624 77
538 891
1629 1032
130 690
1025 1836
1553 820
1389 939
1815 673
1770 134
1323 630
1974 1275
1529 1951
1760 1534
1782 1728
1628 820
1585 1273
69 868
1693 590
1635 444
828 1730
161 1236
523 540
1151 1025
321 217
1253 438
912 764
1210 1385
1153 37
531 330
924 604
1442 285
1701 820
1644 551
590 634
107 702
244 820
41 1029
27 1028
77 1515
922 208
740 380
1563 1896
239 589
1004 1681
640 1650
529 795
41 659
1666 730
417 980
474 1490
1615 158
1826 1651
1308 1611
588 820
682 401
802 1259
820 431
881 194
820 273
820 118
35 851
946 1312
1013 1476
1580 1119
1544 826
936 820
1839 1683
381 219
350 1026
261 2
1858 820
1537 770
1342 398
1332 612
1840 1354
1003 663
771 1490
157 16
1612 1602
379 1902
75 1042
1443 1156
397 970
955 900
820 46
1077 639
115 174
1194 1465
1704 537
1245 1866
117 43
113 820
740 1754
135 80
1746 1678
1707 1201
164 468
1711 185
1645 1790
581 1382
52 470
142 361
887 1639
885 1224
906 1895
1143 764
728 1069
775 809
1113 154
1662 1294
59 1360
108 387
1264 452
798 1071
1168 492
971 1598
449 148
1612 1582
239 72
1200 618
793 599
1946 1818
962 1217
451 318
1380 1810
121 817
1546 189
961 1514
257 1399
1152 1763
546 707
931 1301
572 768
1105 1030
1154 587
980 1844
522 383
541 333
721 1617
1120 209
1875 1926
660 1140
95 903
1239 1580
1754 963
1743 1971
182 198
1262 234
1514 117
671 213
812 897
1093 1843
1587 1188
1427 1436
362 585
1692 1979
1850 256
4 1177
1319 1561
1633 617
1663 218
1431 575
446 425
951 178
913 733
1715 1129
705 1347
821 1141
1 1166
820 1625
1793 1139
1579 1417
1971 371
630 1498
1261 756
290 820
1476 1232
1510 1453
591 769
326 53
855 283
1901 441
97 1304
1323 1289
1508 1617
870 820
176 1131
1411 1181
141 801
338 473
915 1508
1069 36
585 1984
353 123
1518 1499
212 1141
1221 1834
349 324
947 1933
61 392
305 820
820 1917
1350 890
303 820
1163 645
584 1403
820 250
126 1541
1431 1196
906 1292
820 408
820 1566
820 646
311 1582
1764 94
407 98
754 576
1616 1415
1411 232
1319 987
485 747
820 533
1988 215
1147 35
158 319
1355 1917
590 877
631 996
1097 1583
716 723
1471 896
1055 1322
1874 1706
1653 1586
456 1489
15 173
1008 981
1535 951
1265 88
576 1768
1802 1714
1102 1159
816 1904
254 651
400 284
700 419
1552 953
265 280
449 1863
1826 58
1896 1957
583 1599
1619 1379
1228 820
732 1331
548 292
1014 230
1139 364
1061 1745
1373 1551
578 1096
232 971
325 1031
1988 1173
1054 570
1780 586
1898 1975
875 1480
1519 1461
933 1723
1757 1158
1054 522
461 1430
1341 1439
22 820
1410 150
1217 1053
1846 1430
1612 276
1017 537
820 1881
872 1506
489 820
820 1325
864 1609
509 573
1229 1057
449 892
820 965
1089 358
501 1928
380 1052
1852 1752
820 1505
1165 570
1313 1151
481 436
1620 985
341 477
1238 67
820 1424
1891 814
820 1709
221 304
308 153
1869 694
1264 597
1219 573
820 259
1668 1583
820 823
638 1558
1126 1075
1955 313
1039 1120
627 919
820 1423
319 354
1084 1814
1832 808
1273 1684
1095 1041
510 105
820 757
1266 56
1093 1465
530 240
1798 1731
333 50
1785 372
382 750
1746 1012
1384 1940
968 1359
787 347
210 597
1798 1725
621 1018
1737 1279
460 890
758 1308
84 131
1624 301
1956 39
1496 1173
149 1060
1614 1437
989 385
1178 1749
361 1804
352 820
294 310
962 783
1989 820
856 1519
833 1397
1134 1554
1419 1467
1176 751
1274 510
686 820
1697 628
1241 1208
820 1808
1475 1072
1921 1327
937 21
231 820
488 276
820 1919
968 1735
814 428
1318 1543
1066 554
1817 1704
657 820
1478 810
482 576
760 1861
916 1446
521 219
1183 180
619 866
1922 820
1584 1078
1385 1316
1699 142
800 1880
1031 334
820 1594
749 1363
1078 355
1669 689
1793 1446
93 719
410 567
1979 389
1017 1435
99 1033
820 222
1008 274
1618 415
309 258
860 618
726 1996
531 793
619 841
820 90
1116 1493
275 504
524 1389
320 820
1362 1497
672 1258
1454 1383
1561 187
579 1249
1125 994
26 689
365 1248
1194 1460
1334 664
1482 1748
1913 1192
128 60
1343 1966
235 1470
483 1440
484 495
1260 820
275 1186
328 1762
1482 906
993 743
806 979
18 472
1223 999
1098 820
1357 1236
1643 867
507 701
1821 1588
1986 345
1996 637
175 820
432 820
1411 621
448 404
535 1259
1272 157
1860 1712
1146 70
1399 564
200 1364
718 368
1869 1564
729 462
240 581
1932 668
61 1784
162 424
1157 1187
1742 575
1772 796
500 1607
214 1955
1973 666
312 1034
1654 1303
1495 1537
18 402
1578 418
656 1412
1242 1599
1080 826
820 1865
665 1855
1266 1782
1283 752
840 697
1527 1425
1859 1927
780 883
397 63
1258 493
1666 309
104 1387
1348 1241
679 363
1548 820
1469 214
877 824
1396 996
917 1921
1796 1466
882 1238
820 577
1670 1685
873 293
224 945
948 405
1344 1729
715 751
978 1192
1236 1205
1011 1101
854 103
1330 1751
753 569
805 978
1225 704
785 1949
536 535
1609 1354
1332 135
1109 820
68 698
535 47
1847 1182
820 424
1050 1564
693 1649
1597 1368
1786 821
703 73
265 700
827 820
940 834
34 1215
1926 985
233 568
1310 1970
1128 1582
1842 420
1528 1064
538 730
1596 1450
525 273
1797 1426
1420 104
1767 1637
755 1231
1639 1241
1125 785
1970 1205
556 1518
1998 1915
195 322
1638 436
1664 81
1044 1128
603 1857
975 1353
820 1001
907 1882
1324 1815
64 981
1174 79
494 762
1339 783
211 1640
6 1386
1630 1379
302 820
464 1020
1613 881
1198 1847
734 820
938 1284
820 1027
1377 195
1317 837
1140 1386
1687 1169
349 1025
1663 1004
1460 377
792 523
1775 151
344 888
1215 1212
1999 197
1446 1626
832 849
820 1492
1009 1674
1469 1784
1510 1328
820 340
521 1179
1146 925
566 1655
1231 809
1911 1202
271 286
1015 1975
176 967
1685 674
391 1298
672 1838
844 1950
830 1769
1136 829
820 671
381 1520
49 956
132 928
212 724
1177 1230
1535 1622
165 497
710 820
789 1931
1416 737
1965 1333
1798 1595
147 1105
166 371
163 467
871 820
289 1808
1929 818
820 744
529 1057
165 1882
1395 1384
1671 190
395 193
1925 926
197 119
1920 1206
964 1121
1541 1442
1985 1781
635 128
954 642
396 1479
1600 1256
974 737
508 1038
1953 1243
1571 1447
28 8
239 19
562 1070
1286 350
644 1016
820 1398
307 1474
820 1522
1905 413
1866 1667
68 701
1393 102
243 811
1448 1483
880 1703
1757 958
1872 483
640 1556
59 849
26 476
508 596
1378 322
227 1687
300 396
164 1409
1196 1954
1861 168
1464 1403
616 1708
435 1304
820 547
1477 1168
1463 1065
853 1421
462 892
363 1542
1255 1435
523 1751
1438 1132
509 1094
1682 620
1945 1752
1555 1131
146 1239
758 1545
551 1019
1283 1507
1005 1542
944 474
1589 772
1414 1351
653 820
418 1458
252 414
1783 1896
48 820
1734 820
1275 404
1611 455
1428 1016
1457 1760
315 1787
343 1640
1727 468
1827 99
1696 199
942 1548
781 450
1227 1809
106 29
440 222
1074 1644
486 748
820 145
1159 1586
1969 1605
997 367
282 55
1190 778
1397 1938
1030 101
1338 478
1894 995
1110 1448
549 1322
203 412
879 488
1444 388
1077 279
820 411
1712 109
1621 1486
983 290
1371 267
1893 1211
1488 820
129 1341
1782 186
1740 699
1459 1012
1574 925
842 1930
268 1100
1252 149
1287 1934
1042 3
745 820
1286 1143
1680 1163
685 378
390 805
1020 405
269 820
476 1391
939 1941
31 867
1122 1506
347 1783
1187 1199
283 1061
860 439
332 1444
820 329
1117 180
1301 617
10 651
502 820
1823 1188
140 1164
1791 366
120 620
820 1831
820 545
281 378
752 1311
1378 1305
63 610
323 370
1283 1273
922 799
490 1608
1560 1840
996 1571
448 1952
945 1379
820 565
992 51
1073 1415
1502 1850
1204 1114
1185 23
1722 703
249 1931
119 167
1705 1806
1100 776
846 982
300 1562
676 1257
1985 1779
42 292
384 1356
220 1086
1937 1209
1383 755
1527 487
308 838
960 1606
84 1591
552 1908
1059 366
479 1559
820 517
747 497
959 1451
1304 1877
375 722
301 1251
1178 1160
820 1822
558 1179
1252 1311
1091 1206
583 966
820 1400
903 1520
1848 278
742 1601
656 1574
1714 584
632 78
227 959
1381 76
1871 1683
267 1892
1981 1933
153 1380
675 820
499 686
890 1727
14 1102
1570 379
57 1345
285 634
58 1372
623 914
910 1124
40 812
1056 735
1414 157
600 1965
1161 1833
820 1914
251 1918
829 1079
490 1821
394 210
124 1392
87 1547
1689 413
872 1086
678 1302
1299 1736
154 1745
1854 334
820 1888
1075 1907
789 727
65 862
1072 1404
1451 568
1174 650
253 822
999 1167
130 856
820 177
1062 894
1361 1208
1765 960
1533 171
1601 1820
245 1577
86 1917
935 1081
820 1118
1980 690
1565 1022
1030 930
644 1610
1407 820
1127 1297
21 1287
820 403
1455 820
820 1526
1851 820
337 314
1402 596
909 820
1366 660
95 586
674 74
1645 1257
855 1770
1082 485
820 1899
819 567
1051 844
524 1048
1343 296
252 1259
1092 655
1658 820
1829 369
662 1966
336 1037
1183 950
28 1741
953 1077
126 715
41 641
493 662
1788 401
958 1387
1814 121
217 961
782 663
1182 1661
767 820
1494 820
820 1032
1607 1664
136 560
1300 194
1439 1741
1112 1680
667 1039
736 770
1684 776
450 1656
1565 869
1405 1942
1113 23
1591 367
10 64
1744 1627
1212 1243
338 606
1422 169
422 17
1438 310
1014 410
1944 650
85 711
1928 816
179 1637
1381 1958
944 1733
1369 33
820 1717
1200 700
824 140
444 1964
1627 256
832 1116
561 1214
1902 1247
297 58
840 331
1965 1337
1894 1849
880 1360
1659 205
433 1453
480 1803
357 1117
1963 1660
1440 876
321 1365
1473 1774
229 1830
754 593
714 479
1472 387
1162 1891
1033 1485
832 1172
1071 266
1867 747
1091 1138
1936 187
984 990
1963 317
821 459
65 825
1596 1607
1076 986
820 1267
605 1434
1326 635
1672 733
1065 262
820 443
1870 1101
851 515
1744 1948
1748 1698
1018 1361
1404 1130
33 1101
1724 20
820 1828
171 1460
1274 761
901 1825
1887 1721
1799 914
373 1646
800 1471
281 919
1706 1254
1233 246
229 1704
1498 649
89 463
1230 25
696 1002
47 1002
306 645
1029 1880
478 66
1546 1410
505 1040
1408 1104
633 1687
1649 732
1175 581
1335 541
1394 932
1189 215
897 1198
1864 1303
125 1067
1885 1316
1569 205
955 1563
667 1759
1269 515
1458 1155
202 1249
1194 139
803 1450
1124 1549
1271 973
1688 1768
327 941
1933 30
177 471
465 820
331 208
1191 820
1816 1193
1291 457
1157 1765
1184 809
1240 185
554 869
1868 1610
1813 799
224 1022
1517 1719
1102 1655
1496 825
1453 988
1792 1795
445 1893
820 544
1939 820
875 720
224 571
1498 1349
711 220
1045 1992
255 1726
397 348
427 712
1592 1485
1399 677
1890 1805
952 1826
1926 196
496 85
1291 1995
1097 1775
1171 135
1224 422
1787 1307
1171 1234
326 31
1648 788
974 969
750 131
1107 499
1007 1076
1961 953
295 285
1309 1268
926 801
1974 866
1055 977
974 520
188 1558
949 911
595 234
1326 614
1421 1941
1415 1600
1686 452
1123 1678
1718 681
221 1969
1512 626
1997 1959
1615 1674
1732 1141
1677 820
127 1906
1622 1659
820 1137
562 450
1007 129
1788 946
1742 1218
1248 973
1247 1968
1122 1549
1567 170
1503 1377
315 198
1832 1135
555 167
1996 1630
1277 68
1826 920
1037 917
346 820
569 406
1879 1118
1924 158
1589 797
514 1434
1605 1235
263 200
1903 1179
950 242
1221 1824
152 174
1177 1618
1473 16
799 706
242 1589
207 1552
206 820
216 929
1517 1165
964 820
1998 820
1766 468
1620 72
1543 717
1738 820
453 1848
40 948
316 24
323 1250
1331 899
1617 1767
504 152
1923 1898
112 820
1682 38
1621 1467
1195 1043
1987 62
344 1254
1987 45
1420 923
1713 1660
44 1687
1242 1521
1517 991
18 595
918 1059
1083 513
1425 865
677 1087
1572 829
891 898
1235 1800
389 1897
1317 1854
553 647
1570 876
663 1040
1993 820
1555 386
1142 1
1184 1396
1036 1344
1531 526
255 804
989 1388
1324 333
1079 1691
116 820
430 1154
847 1912
325 1003
629 279
284 699
773 820
820 746
1115 1240
1276 1918
382 391
825 7
820 1213
1928 1669
1778 1675
1484 1619
1023 70
612 218
820 447
1277 581
1898 619
1972 1597
461 1960
919 51
524 1203
307 122
1833 546
1363 1179
1818 1222
1640 1106
455 1406
1170 1983
1079 83
1529 1108
764 1756
264 704
1540 1287
1856 820
530 1371
42 1402
1566 1558
446 769
1390 820
1840 51
243 1472
1416 211
137 1159
756 1373
1281 265
608 972
1661 1839
550 1776
1886 1720
1876 534
1769 858
286 209
1041 598
496 1229
820 1943
1066 713
762 1648
1263 1958
67 1940
376 1773
783 1376
1753 820
918 1189
472 1962
546 1401
392 1796
820 1524
857 749
691 1993
481 927
225 959
503 804
1468 862
820 1279
1459 417
1697 128
1758 877
559 261
445 940
1443 582
1288 1941
1773 852
728 1234
703 790
1458 458
602 1720
820 725
1795 1949
1702 134
1670 8
1088 1651
235 1083
1876 1539
820 989
223 1606
1452 1437
820 1623
1232 1209
853 850
369 89
1129 1778
1716 1298
442 1132
1779 669
1795 1154
487 345
1072 1156
1290 820
339 1572
923 143
1500 12
1897 24
1955 1511
400 1590
1578 63
934 761
820 1133
448 1356
1532 1491
607 1242
298 820
941 1117
1080 1038
1333 1127
695 278
36 1269
532 1089
1775 661
1448 601
1569 160
143 136
1820 1892
1959 1662
1537 372
1315 820
1854 96
1632 74
771 1762
549 351
1091 979
1095 66
542 33
253 82
820 335
556 1432
1667 1642
1474 45
316 817
820 1244
360 820
1277 1652
170 1051
1973 820
1365 98
1395 32
512 1935
412 1984
1908 1811
1486 1726
406 1886
1502 87
518 820
534 396
1509 312
1682 1487
1516 251
563 347
1908 127
1197 708
3 1700
1904 1641
818 820
1740 1201
107 1997
885 932
875 1698
738 325
2000 1812
5 407
1457 1310
1318 972
649 409
1134 1994
784 288
294 895
880 1352
1092 1346
1551 1964
1377 1982
828 482
820 484
223 1164
1052 1216
598 108
1476 846
1060 1725
745 133
625 1527
1838 1721
1681 1307
1327 1810
1947 37
1862 957
1954 1845
1265 760
1714 506
1803 527
778 611
53 270
168 1301
653 709
262 830
1328 27
1282 539
1374 820
1573 144
299 1535
1679 745
1978 1040
916 1376
2000 1119
82 1614
701 393
679 1609
1650 1950
1846 1705
1422 1342
1671 1656
1754 1710
1635 1176
158 1801
1707 1877
859 1668
103 272
820 1006
820 813
1292 768
984 236
1721 761
1724 1633
110 820
820 155
52 1418
1545 1780
114 1946
616 1695
1085 526
479 1824
1336 587
1336 1654
1262 426
820 1306
1087 459
220 1058
1604 820
159 1735
1873 1690
777 344
868 398
1890 808
1983 420
1991 902
1386 1718
1300 719
23 1816
603 736
1194 342
987 1904
1646 1937
854 1167
1088 1135
1500 1593
1199 265
765 1480
1631 275
1064 233
375 1053
1776 562
93 166
680 820
494 341
1829 606
467 1834
1497 763
839 308
616 361
1104 478
196 1463
201 1557
1000 313
731 764
1699 49
844 688
799 1807
1894 600
641 1068
820 655
900 71
1927 635
717 69
1397 807
810 1841
248 727
1297 1540
1846 654
1464 704
1855 820
1222 702
144 820
798 893
1859 1890
1872 1509
559 441
1116 843
1754 356
1643 254
1233 820
353 986
1584 1771
370 1470
687 451
1197 1873
160 997
842 1530
505 453
1608 1889
895 1114
1408 1149
1794 1511
1195 1094
1977 683
1357 1367
886 503
309 1023
1263 1215
624 337
356 915
976 402
163 425
563 423
1821 1370
1220 1234
1024 806
1245 20
761 1375
1584 1128
1256 1608
32 386
1938 557
1367 622
1536 820
421 1857
451 790
1312 1852
1789 1669
795 170
753 1043
564 1436
1235 1062
127 1452
1144 17
1799 580
1694 803
1 693
834 1983
1781 1803
151 1977
712 555
260 1034
759 820
1504 710
403 1090
743 742
1203 248
807 1749
561 399
1544 1268
78 540
820 664
1516 528
1462 820
1466 695
1210 626
1152 820
874 67
25 716
899 169
1115 648
569 1296
1345 1364
642 1227
683 476
848 923
1819 918
786 1807
1282 557
1489 351
436 1660
1295 69
470 1353
993 1908
1838 184
362 957
773 1581
79 332
286 1871
1211 388
822 1010
548 5
1028 1226
456 263
57 602
1833 1590
820 191
1525 820
337 713
1676 125
1657 820
796 1948
179 1694
1776 902
879 438
117 1483
1772 1036
1445 1797
1945 1860
542 1700
1711 514
1791 1202
836 560
1868 1270
245 475
678 518
820 1579
17 183
820 9
820 1550
1136 766
1011 1777
1587 1068
884 842
578 1021
1642 375
1418 788
1237 102
591 572
888 669
1284 1021
376 1108
1499 649
182 1393
896 1280
837 972
859 123
1912 820
1216 994
415 1980
820 156
204 1732
831 269
1121 1956
1689 1719
1686 685
1063 988
1441 1730
895 125
1251 668
1278 820
291 820
1872 1047
901 437
708 1149
763 1692
811 1320
1478 1207
954 1153
887 492
1634 341
929 970
1409 247
1757 416
186 354
192 820
684 1156
1049 1991
319 1314
512 1913
629 670
1672 1106
1997 1392
980 908
384 442
643 1753
1246 998
820 1967
820 1449
933 820
1173 904
1769 203
820 921
1864 846
355 843
1309 11
1564 898
1459 636
975 1901
1086 1647
882 1750
498 820
622 650
202 1909
1241 429
1271 1905
1731 609
663 100
1976 1411
260 1782
454 1309
466 477
668 881
566 236
76 1454
1755 820
1534 673
1358 173
1290 1835
1037 1405
75 1394
1168 1568
1694 1285
820 1180
1533 819
1575 473
55 990
241 1916
293 1592
89 1186
995 528
139 1299
106 12
206 1576
1513 1992
820 277
531 592
1947 359
1995 237
820 1071
1112 1487
1515 583
857 241
1972 1049
658 150
1739 516
1156 1320
1427 806
1559 1202
692 1910
1884 1317
682 852
1429 1067
228 84
324 207
1280 317
30 251
1827 1715
1467 580
435 1158
1448 765
1063 1662
1696 457
820 1990
1026 611
1853 1101
1045 815
1874 1441
820 794
1665 820
786 924
147 1900
1477 141
1977 111
938 1951
296 330
791 712
905 519
1972 779
694 647
1512 44
820 1636
1999 894
421 1539
1206 561
1588 935
652 1551
1538 1825
766 1675
696 1519
1481 1190
1473 1575
491 1743
1739 893
1250 1126
54 1698
114 1035
1147 739
1340 820
1162 1019
428 1837
146 971
793 741
967 1352
480 274
1101 1237
373 1736
1936 878
1426 507
439 1521
1226 594
1799 889
820 13
368 245
1329 604
1157 835
820 92
886 1261
426 1316
1010 1935
1806 1329
1513 836
1073 516
178 998
1255 1056
238 965
15 1015
1005 1406
193 199
514 434
389 949
731 1644
1270 660
1968 485
333 1764
454 1743
1207 1790
1373 1491
229 739
150 1501
159 883
73 1953
927 318
900 1468
670 723
1842 190
1214 845
1313 705
1359 998
1998 1523
1249 1878
394 594
1168 138
247 216
245 1362
1293 1675
249 802
304 1750
1715 543
532 1962
1547 1223
1556 574
1511 1432
1733 1538
1414 956
-6 3 -10 9 -5 4 10 9 -2 7 -5 4 10 0 9 1 -3 2 -9 2 -2 -3 -7 1 7 2 9 2 -4 -3 0 -2 -3 -9 7 9 7 -8 6 0 -2 -1 -9 8 10 -10 6 -2 3 -2 5 6 -9 6 -10 -8 -8 10 -3 -5 5 5 -10 -10 -2 9 -6 -7 4 2 -2 -3 -10 -10 7 8 4 7 -3 4 9 2 -7 -1 -6 0 0 0 8 10 4 0 -5 -10 -4 -7 0 -6 9 1 7 -10 -8 1 -1 -7 -7 -4 10 7 -8 5 6 0 2 9 1 8 8 1 -4 5 -10 -2 -2 1 8 1 0 -9 -3 4 -6 0 6 0 -6 -2 3 -5 -2 3 0 -2 -6 3 8 1 -5 -1 4 3 7 3 -5 -4 -4 -8 -9 -2 10 9 -2 -9 -2 -8 -8 9 10 4 6 -6 8 6 1 4 -7 0 7 9 8 9 1 -3 2 4 8 3 4 5 -4 5 0 4 -5 1 -4 7 -9 0 7 -2 -5 6 -7 -3 -8 -5 0 5 -6 1 -10 5 -10 -5 -8 -3 6 6 -3 -4 4 -3 -7 -7 10 -4 7 -2 3 -7 -1 -5 0 8 1 6 6 8 -6 -7 -10 -3 0 -10 3 3 2 -9 2 -10 5 2 -5 -10 6 2 4 3 -6 3 -5 3 -8 -6 8 7 7 10 3 10 -2 5 -7 -6 -10 3 -7 3 4 2 2 9 6 -9 -8 -8 -10 4 -5 2 -8 -3 3 -1 5 -3 5 10 9 10 -3 -4 5 0 5 -1 -7 -3 2 -2 -2 -6 9 10 -5 -10 3 -4 -3 3 -3 3 1 5 -10 1 -10 -8 9 10 -5 -6 -3 -1 4 -7 10 3 -7 6 -3 -1 -5 6 10 5 -5 -4 6 -6 0 -9 -2 10 -2 -5 -9 -7 9 9 -6 -7 10 -4 -5 7 -6 1 -2 9 -10 -7 0 -1 -10 -1 -5 9 -1 -6 4 0 3 8 -7 2 -7 -7 4 -5 -3 9 2 6 5 1 8 4 4 -2 -3 -5 -6 4 1 4 2 -2 -4 9 -1 10 -7 -4 -7 -7 -7 0 6 -4 5 -6 3 -1 3 10 6 -9 9 -10 -9 5 -5 5 5 10 2 -8 -9 -9 3 -9 -1 -3 -5 -4 6 -8 10 -10 -2 6 -3 5 -9 -4 10 -10 -8 9 -6 -9 5 -1 -10 -10 0 -7 -3 -10 7 -7 -10 -4 -6 -2 6 -6 -8 -7 -8 -8 -2 5 -4 10 -8 10 8 -6 -6 -7 6 -10 0 -9 9 -5 -10 5 -3 3 1 -4 0 -2 2 3 10 -8 3 2 4 -9 -5 9 -8 -7 6 -6 -8 10 5 -6 5 -9 4 5 -2 7 2 3 9 2 1 -9 -6 -5 10 1 8 2 6 9 1 -3 6 -3 -10 3 3 -2 -7 -3 -8 -10 -5 9 9 2 -2 9 -7 1 -6 8 9 3 8 10 -4 3 -2 5 6 8 10 4 -5 10 2 7 10 4 10 10 5 -5 -5 10 4 -1 0 -6 0 10 8 -10 9 -4 -4 4 8 -10 5 -6 -8 -8 5 0 5 -2 -7 1 10 9 6 5 -2 0 -5 -5 5 -8 0 -6 5 -6 9 -5 4 2 -9 1 -8 -4 -7 3 8 3 9 6 -5 1 8 -5 -7 3 -2 7 -10 3 -1 -5 4 3 3 1 -6 4 9 8 -6 2 10 10 6 5 9 3 1 -4 1 3 -1 5 10 10 8 -7 -4 -8 -2 -10 4 9 4 -1 6 5 8 -2 -5 -2 10 0 -4 1 4 -3 9 -6 4 -7 6 4 2 -6 6 -9 2 7 8 -9 2 -1 -6 4 -5 -8 -4 -6 -5 -7 9 4 5 -4 -7 1 8 -7 -1 -7 9 -6 0 -6 -3 5 4 10 3 -6 8 1 5 -7 -1 2 7 -8 8 -7 -2 -9 2 6 -7 -3 3 5 4 9 7 2 -8 7 4 10 4 6 8 -4 10 -9 3 -5 3 -8 -9 1 7 -3 1 -6 -9 6 -1 9 -7 -3 2 -5 5 4 -1 8 -10 -8 -7 10 -3 -4 -10 5 3 -7 5 3 -4 2 -10 -6 4 9 5 6 4 10 6 -1 2 5 2 6 -2 8 8 -5 0 -1 -6 -8 -10 7 -2 -3 5 -3 -3 10 -9 -1 -10 3 -4 4 -3 -3 -5 -6 5 -1 -10 -8 0 -10 5 -10 4 7 -7 -3 -3 2 6 0 -9 4 9 1 3 1 6 2 6 -7 -8 -10 6 7 -3 3 -1 5 -7 -8 3 6 -1 -8 9 8 2 5 -2 4 10 10 -3 4 6 8 -9 4 -1 -9 0 8 -2 -6 10 8 2 -5 -4 0 10 4 -4 0 6 -3 -9 2 -9 -7 3 -6 -3 -6 9 -9 3 -2 9 -1 -9 -7 9 6 -4 3 2 -10 -4 6 -9 -7 -10 -8 6 4 -6 -2 2 -5 8 -1 -6 1 -5 8 -6 -6 -6 -2 0 8 3 8 -5 4 -3 10 -10 5 -6 5 5 -4 0 -2 5 6 8 10 6 -9 6 -3 -3 -9 -4 8 4 -6 -8 8 -6 0 -2 -4 3 -2 -2 10 -7 -8 8 -7 5 -3 -7 -10 5 10 -3 8 -1 -3 -6 -7 -1 8 -3 -5 -3 -6 9 -8 8 10 -10 -1 -10 8 -2 5 0 4 10 8 -6 -6 2 4 -4 -4 -9 -5 4 8 -7 -5 -3 3 1 -9 10 8 -4 2 10 10 8 9 -2 -10 5 -5 -2 3 5 7 -9 5 9 1 8 -2 -3 1 -10 -7 10 5 10 -4 -5 3 8 10 4 7 -6 -9 -3 10 -4 1 1 5 1 -8 9 2 4 8 -7 -6 -3 2 0 0 -4 -7 -1 5 -5 9 9 9 -2 -10 4 -3 2 -7 5 -7 2 -3 10 5 -1 4 -10 -1 1 9 -7 -2 7 -7 4 10 -2 1 4 4 10 -5 -7 9 8 9 5 8 -7 -3 -5 8 -9 2 -8 10 -6 -3 0 -10 -4 8 7 -5 8 0 -10 4 2 0 5 5 -2 -1 -5 7 1 5 5 7 7 0 -4 -2 7 -2 9 5 -3 -7 3 0 4 -4 -8 -10 -6 10 3 10 -1 3 4 -5 1 4 9 2 -3 -1 7 4 1 7 -10 -8 2 -4 6 4 6 1 1 0 5 -8 -5 -2 7 7 3 -5 4 5 -8 -9 -2 2 9 -8 6 2 -3 -1 4 8 0 4 4 4 -9 4 9 9 2 -1 5 9 6 9 -4 7 7 7 5 2 -8 7 -2 -4 -6 -3 7 -8 0 4 -10 1 -3 10 -7 -6 6 8 -8 5 1 6 -3 10 -10 -5 -10 4 10 6 -8 1 8 5 8 2 0 -7 9 -9 -4 3 5 8 5 -9 -4 -10 3 4 6 -8 2 4 -10 7 3 3 -4 7 3 5 6 0 -5 -10 -8 -10 0 -4 -3 10 -9 -9 -8 4 -4 -6 2 -1 6 -7 7 9 -5 -1 -1 -8 1 1 0 8 -7 -1 -2 5 -3 0 9 -10 7 7 -6 8 -7 -4 -5 10 1 2 -1 -9 2 3 5 -9 -10 10 -1 -7 1 -2 1 -4 6 6 -7 4 -4 -2 1 2 -9 4 -8 10 -2 -7 -8 -1 1 10 -1 -9 4 -10 3 -8 7 2 -4 6 -5 -10 -1 2 8 -4 -2 1 -4 -3 -5 -8 -3 -1 3 1 9 -9 -1 -3 -4 -7 5 5 -6 5 -9 -8 6 3 9 9 9 9 1 9 -7 3 -7 7 1 -10 -8 -7 0 -2 2 6 7 -4 -9 -6 5 8 -9 -1 1 -5 3 -4 1 -6 -8 -6 -9 -5 -6 5 8 8 4 4 6 -6 -6 -7 10 -9 -3 -6 -9 5 1 9 -6 -9 -3 -4 3 -4 2 -8 5 1 -7 9 0 -1 6 -2 5 2 -3 -9 -1 6 10 -7 -1 5 -5 -10 -6 -4 2 8 -7 -4 0 -5 -3 5 -3 10 -2 5 3 5 5 -10 1 -1 -10 -8 -10 -1 -9 -7 -3 -4 -9 -2 -4 -2 0 1 2 -9 -3 -4 -5 -1 2 9 -8 7 7 -7 -7 0 4 7 9 -3 -1 5 -1 2 -7 2 10 3 -3 -3 -2 -2 8 8 7 1 -5 -4 -5 0 -6 2 -7 8 -4 -5 0 0 5 -1 -6 5 -4 6 10 -10 -8 5 4 -9 -8 6 -6 -1 -4 -4 -10 2 -2 2 -8 3 0 5 -1 1 -8 -4 5 -6 -6 9 -4 -2 5 -1 1 -1 -5 -10 -10 6 8 4 3 3 -7 0 -7 0 1 7 3 -7 -9 10 5 8 -5 -9 8 4 6 -2 -7 -9 -6 -1 8 4 4 0 -7 6 3 -10 7 1 3 1 -3 1 -7 5 4 9 5 -7 -5 -4 1 -8 -9 5 -6 7 -8 -4 -5 -8 -8 7 2 3 6 -3 8 -9 -8 -2 -5 5 8 -6 -5 2 -6 1 2 9 6 8 -2 -6 3 -10 9 5 1 10 7 4 -9 10 7 6 1 -3 6 6 -1 4 -7 -6 -10 8 -1 3 2 -10 7 -3 1 -8 9 6 1 -10 -4 -9 3 -1 -9 10 6 0 1 8 -6 -2 4 -4 -9 1 -9 -3 1 -7 0 6 6 -5 10 0 -9 3 9 4 -1 -8 2 2 -5 -1 0 1 -8 -4 4 9 0 6 2 -4 5 -5 -2 6 0 1 4 4 10 6 3 7 5 8 8 8 3 3 -10 -5 9 -10 10 9 9 -1 -7 6 6 8 9 7 -7 -1 -2 9 5 2 9 3 -10 -3 -6 -9 -6 1 -4 5 4 -6 -7 7 -5 0 -2 7 -8 10 -3 -6 -9 9 9 -3 7 5 -4 4 0 -2 -7 10 -4 8 -2 10 5 6 7 -2 9 -3 4 2 8 1 -1 -6 6 5 3 -8 0 0 0 9 10 8 -1 7 3 3 -4 5 7 -7 9 -8 -8 9 10 -3 -4 4 -4 1 -10 5 -1 5 7 4 7 2 0 -9 -9 10 7 5 -2 -7 -9 -3 4 -2 0 -10 -3 -7 9 -8 0 -9 1 8 4 -8 -5 8 -10 -9 8 2 1 -9 -8 5 -7 -3 2 -8 -9 -5 8 3 9 -6 -2 -10 
2 1026
1 813 8
2 163
2 91
2 476
1 1477 2
2 888
1 1428 -3
2 913
1 82 -6
2 286
1 1942 0
2 628
1 1043 -10
2 1403
1 57 -4
2 825
1 193 -4
2 307
2 736
1 1301 -4
2 548
2 305
2 701
1 507 -10
2 642
2 876
2 1544
1 119 -5
2 44
1 1030 0
2 1039
2 410
2 545
1 303 -3
2 556
1 1490 3
1 1560 -10
2 1279
2 1080
2 1489
1 1565 3
1 1554 -1
1 672 0
2 1243
1 50 -2
2 617
1 450 1
2 799
2 1954
2 1424
2 1804
2 1716
1 1761 -9
1 860 -10
2 853
2 864
1 299 -4
1 1455 6
1 742 0
1 111 5
2 1876
2 1180
1 1955 4
2 372
1 1143 9
1 444 -5
1 1735 6
2 96
1 413 -8
2 1562
2 1322
2 387
2 62
1 1694 3
1 882 5
2 1782
1 1459 9
2 1949
1 717 -5
1 516 -2
1 715 -2
1 408 1
2 1105
1 1535 7
2 1621
1 1577 -10
1 987 4
2 1350
2 726
1 621 -4
2 1242
2 1774
1 63 -9
2 1454
2 197
1 545 -9
2 93
1 712 2
2 767
1 1709 -10
1 480 2
2 1091
1 1026 1
2 1504
1 82 -3
2 1335
2 526
2 748
1 208 8
2 1411
1 661 8
2 1526
1 651 -9
2 882
1 1766 -6
1 496 -10
1 901 -4
2 606
2 1652
1 451 -6
2 1017
2 776
1 456 0
2 117
2 524
1 1548 -9
2 291
1 1797 -9
2 1081
2 1615
2 564
2 1171
1 432 -10
1 1696 -7
1 1143 2
1 169 7
1 562 -3
1 52 2
1 1321 4
2 1996
1 220 2
2 1452
2 295
2 1738
1 1192 3
1 1888 4
2 558
1 1221 2
1 238 1
1 715 9
2 1580
2 127
1 15 8
2 1576
1 1397 -5
1 1654 10
2 1045
1 1811 -4
1 1661 2
1 28 -8
1 1765 2
2 827
2 1708
2 510
2 1296
1 1343 8
1 300 8
2 814
2 1976
2 889
2 126
1 1341 6
1 764 -1
1 479 -9
2 1452
1 1720 -4
2 41
2 1030
1 1186 -3
1 1771 7
2 874
2 1186
2 1969
1 1672 5
2 1410
2 353
1 793 6
1 561 3
1 29 0
2 1671
1 1346 4
2 348
1 799 9
1 487 1
1 27 10
2 282
2 129
1 1874 9
1 858 -1
2 540
2 1125
2 1854
2 1901
1 834 -8
1 1324 0
2 299
2 1589
1 85 -6
2 1940
1 1718 8
1 723 -1
1 1449 1
1 593 1
1 1041 5
2 1825
2 535
2 1542
2 1325
1 613 7
1 655 -1
2 523
1 1624 1
1 1753 1
2 590
1 782 1
2 1662
2 491
1 1125 -4
2 669
1 1207 5
1 1846 -6
2 1053
2 1842
1 1179 -7
2 1568
2 1126
1 1326 -6
2 1399
1 1437 7
2 918
1 1872 -9
1 1530 5
1 1810 -10
2 332
1 1137 8
2 1113
2 982
1 1143 10
2 83
1 869 -8
1 870 -3
1 1243 -3
1 798 9
1 1701 -7
2 134
2 1952
2 1841
1 1476 -9
1 210 -1
1 226 -6
2 575
1 1615 5
1 326 -5
1 16 -6
1 49 6
1 991 -1
2 1756
1 956 6
2 508
1 1646 -10
2 520
1 701 -9
1 1508 -1
1 1996 10
1 551 -9
1 414 -10
1 1364 4
2 1849
2 225
2 253
2 1765
1 27 1
1 282 9
1 1079 -6
1 648 2
1 1519 10
1 4 8
2 257
2 385
1 1188 -1
1 1858 -10
1 946 6
2 1892
2 925
1 1874 3
2 1686
1 43 -9
2 1062
1 411 10
1 615 -9
2 100
2 1631
2 1112
2 1835
2 458
1 909 10
1 224 3
1 1310 0
1 1635 -2
1 653 -8
1 918 0
2 1048
2 1667
2 759
2 707
1 1181 -3
1 1790 -2
1 931 -6
1 501 0
2 342
2 657
2 501
2 947
1 849 -4
2 667
2 1224
1 1264 -5
1 346 5
2 1255
1 676 -1
1 1672 -2
2 1833
1 1498 -1
1 1795 -1
2 32
2 764
2 102
1 156 -6
2 1170
2 1190
1 1631 5
1 872 1
1 1425 1
2 1423
1 66 5
2 950
1 1360 -8
2 1424
2 1706
2 229
1 872 -5
1 1771 2
1 44 5
1 1475 -4
1 1664 7
1 206 -6
1 828 10
2 649
2 1468
1 1100 3
1 625 -2
2 1749
1 12 9
2 1365
2 767
1 682 9
2 10
2 1840
1 1908 3
1 623 -1
2 1049
2 993
1 1713 -2
1 1646 5
2 1603
2 592
2 88
1 1229 -4
1 1345 8
2 1856
2 441
1 1716 9
1 1964 -6
2 1305
2 1870
2 296
2 697
1 1369 10
2 1107
1 1995 -4
1 1305 10
2 984
2 1644
1 130 10
2 1922
2 216
2 1025
1 1817 1
2 533
1 1840 1
1 728 4
1 323 6
1 1980 -9
2 1933
2 1647
1 1216 3
1 1612 4
2 1307
2 1031
1 1103 -9
2 161
1 1406 8
2 810
2 1737
1 421 -4
1 506 -9
1 114 7
2 956
1 866 3
2 1494
1 436 2
2 694
2 66
1 129 -6
1 1105 -4
1 889 -4
2 159
1 390 -10
2 957
1 1552 -4
1 1310 -8
2 1897
1 780 8
1 1851 3
1 1609 -10
2 279
1 340 8
2 1907
1 1022 8
1 1010 8
1 1847 -9
2 1121
1 1284 2
2 1049
1 1303 8
1 970 -6
1 1950 3
2 1447
2 1132
1 1338 8
2 629
2 1571
2 1687
1 1572 -6
2 62
2 1860
1 482 5
2 662
1 214 7
1 1645 -1
2 609
1 744 8
2 1608
2 649
1 1288 3
2 1643
2 1875
1 1469 8
1 859 0
1 1480 9
1 261 -6
2 760
1 348 -8
2 1972
1 744 -10
1 1442 4
2 689
1 1661 -9
2 777
1 1984 -8
2 585
2 1516
2 918
1 1028 6
1 1805 7
2 1976
2 1956
2 1325
2 686
1 1070 -1
2 869
2 1000
1 1510 1
1 569 -9
2 779
1 66 2
2 623
2 1353
2 1658
1 1556 8
2 1070
1 890 9
2 1174
2 583
2 206
1 1488 5
1 1027 -8
1 604 5
1 1588 -5
1 127 3
1 846 6
1 1242 -7
2 1857
1 185 0
1 1705 -7
1 630 0
1 1504 10
1 1936 0
2 1846
2 644
1 24 5
2 140
2 47
1 490 1
1 716 -8
1 303 -8
1 1945 -5
1 955 -5
1 1298 -3
1 675 8
1 1834 5
1 625 -3
2 777
1 1322 7
1 1647 8
2 1978
2 1312
1 504 10
2 1055
1 398 -1
2 454
1 1794 9
1 1548 -7
2 47
1 259 4
2 251
1 285 3
2 54
2 347
1 1533 1
2 890
2 428
1 1299 -6
2 1068
2 350
1 1156 9
1 134 7
1 1826 -9
1 171 -10
1 635 10
2 292
1 458 -7
2 1392
2 1777
2 1205
2 1652
2 1035
1 205 3
1 338 5
2 1299
1 1938 6
1 981 -3
2 578
2 1910
1 1499 -9
2 882
1 790 -6
1 1988 -6
2 466
2 667
2 1129
1 816 -5
2 928
2 1490
1 1338 -2
1 845 5
2 149
2 993
2 485
2 1206
1 143 -1
1 1398 -3
2 1950
1 418 -8
1 1748 -9
2 189
2 1469
1 1071 8
1 1229 -5
2 1552
2 1456
1 175 -6
1 1646 -8
1 1916 -5
2 418
1 775 -9
2 672
2 728
1 1759 7
2 49
2 861
1 108 -5
1 230 10
1 1928 7
1 794 -1
2 148
1 1292 -2
1 1921 -2
2 786
1 819 4
2 1383
2 6
1 3 -1
1 592 -6
2 1920
1 1896 0
1 838 7
2 669
1 487 5
2 889
2 388
2 753
1 512 7
2 206
1 241 4
2 1067
1 1995 5
2 1718
2 813
2 1599
2 1822
2 1605
2 1578
2 162
2 1303
2 1075
2 1497
1 801 -6
2 594
2 581
1 182 5
2 1658
2 433
2 1348
1 685 10
1 58 -8
1 1746 -5
2 551
2 168
2 607
1 1803 7
1 1634 2
2 32
1 941 -6
2 1033
2 1571
1 860 8
1 1179 5
2 758
1 898 -5
1 965 6
1 35 5
1 330 8
2 1066
2 524
1 516 -3
1 862 1
2 1653
2 1651
2 1183
1 411 -10
2 716
1 1735 6
1 1098 -2
2 1131
1 1966 -1
2 50
1 1590 6
1 1694 6
2 636
2 1801
1 1800 -5
1 1739 -7
1 1042 1
1 722 -9
1 741 7
1 1850 -7
2 831
1 1306 10
2 1779
1 1704 -1
1 1004 -3
2 1431
2 1233
2 1324
1 1731 0
1 1125 -1
2 1197
1 1475 9
2 301
2 348
2 633
2 434
1 1047 8
2 1546
2 119
1 1075 -1
2 1834
1 362 6
2 705
1 947 -5
1 994 0
1 855 -6
1 200 8
1 1359 -6
1 54 -6
2 1412
2 1797
2 643
2 787
2 1367
1 573 -8
2 365
1 44 2
1 1003 10
1 560 -4
2 1598
1 551 -5
2 691
1 659 3
1 3 5
1 1782 -8
2 1584
2 476
2 1942
2 1326
2 1913
1 1667 -8
1 1095 4
1 860 -8
1 188 -7
2 261
1 1685 -8
1 1200 3
2 186
1 777 -10
1 1128 -7
1 445 2
1 1625 4
1 1291 4
1 1969 -6
1 479 0
1 1885 0
2 899
1 967 -7
1 486 2
1 1236 -5
2 1993
1 600 3
1 451 8
2 1531
1 1139 -10
1 829 -3
2 1189
2 317
2 1521
2 501
1 1234 2
2 1469
2 1304
1 925 -4
2 1371
1 1706 7
1 1961 -7
1 231 -10
1 879 -9
1 1917 2
1 1506 2
1 1949 -6
2 846
1 1217 7
2 445
2 947
2 766
1 168 9
2 1251
2 560
1 1849 -4
2 633
1 203 -8
1 1272 7
1 1117 -9
2 1528
1 1511 -2
2 1800
2 1057
1 1387 10
2 1740
1 677 -10
1 1400 -1
1 525 4
1 799 -3
1 1787 9
2 1901
2 478
1 1618 2
2 619
1 656 9
1 1140 -8
2 225
1 359 0
1 475 -5
1 1958 6
2 1069
1 1765 -8
2 58
2 1415
1 1469 -9
2 1214
2 1375
2 706
2 1657
2 1539
1 1954 10
2 388
2 1655
2 1138
1 37 0
1 173 0
2 264
2 755
2 885
1 90 6
1 551 -5
2 785
1 944 -8
2 33
2 1325
2 1042
1 915 -6
2 957
2 1910
1 1919 -3
1 68 -6
2 1719
2 1106
1 817 1
2 842
1 1466 3
1 614 7
1 81 -1
2 1650
2 1151
1 1983 3
1 77 -8
1 1290 8
1 1531 8
2 1411
2 522
2 1120
1 1822 8
2 1394
1 1184 -2
2 621
2 1336
1 7 6
1 1145 -9
2 720
2 1592
1 285 -4
2 654
2 1216
2 1094
1 1712 -4
2 855
2 1070
2 1855
1 815 -9
1 495 7
1 1781 -3
2 268
2 1700
2 1385
2 1618
1 448 3
2 58
2 1858
1 1457 3
2 121
2 1699
2 1865
2 1726
1 810 -6
1 138 0
1 1747 -5
1 1230 2
2 433
2 769
2 795
2 440
1 1636 4
2 701
1 1025 -5
2 1162
1 1489 -9
2 1856
1 467 1
1 723 5
2 1814
2 306
2 571
1 503 -7
2 1631
1 1541 -4
1 1785 -6
1 988 7
1 410 -3
1 1464 -5
1 959 -4
2 3
2 37
1 368 10
2 879
2 795
1 1884 9
2 340
1 521 -10
2 792
1 1193 2
2 1337
2 496
2 331
2 182
1 437 -1
1 613 6
2 386
1 1381 5
1 293 -9
1 303 -1
2 475
1 982 4
2 579
2 507
2 920
1 272 4
2 789
1 1782 8
2 965
2 1042
1 1506 -8
2 1899
1 1243 4
2 1710
2 1080
2 1120
2 304
2 1574
2 578
2 1482
1 1622 5
2 596
1 1711 -8
2 175
2 1046
1 1339 3
1 1588 6
1 717 -4
1 948 1
1 1478 -1
1 234 5
1 1146 -1
1 847 3
1 751 1
2 467
1 1733 -1
2 919
2 307
2 759
2 527
1 108 4
1 1690 -10
2 178
2 1904
1 212 -5
2 1630
2 1988
1 1194 0
1 1595 5
2 393
1 11 4
2 1741
2 342
1 247 5
1 1432 0
2 162
1 231 -2
2 1813
1 1556 5
2 1889
2 39
1 1749 -6
2 417
1 1854 6
1 728 4
1 1478 5
1 928 3
2 1719
2 664
1 1747 -4
2 259
2 1654
2 550
2 1492
1 638 -1
1 639 -6
1 1395 4
2 824
1 1979 -4
2 765
2 1311
2 1519
2 372
1 912 -1
2 278
2 897
1 1204 3
1 608 3
2 1709
2 1542
1 605 -1
2 985
2 960
2 36
1 1752 -2
1 1913 6
2 1565
1 1046 6
2 797
1 619 10
2 1663
2 865
2 1719
2 1555
2 1456
1 577 2
2 1262
1 454 -3
1 1393 7
2 1446
1 1097 -7
2 1825
1 937 0
2 750
1 1242 7
2 966
2 696
2 588
1 492 4
1 1730 -1
1 113 9
2 877
1 1059 9
1 517 8
1 1949 2
2 354
1 1018 2
1 1752 8
2 1377
2 354
1 1725 -1
2 1844
1 680 6
1 355 9
1 1469 -6
1 482 3
1 630 5
1 483 10
1 1760 -4
1 1926 -8
1 1611 -9
2 838
2 1497
1 458 10
1 1222 3
1 938 -4
2 407
1 1453 1
2 694
1 1477 7
2 173
2 50
2 1405
2 1955
2 1267
2 1109
2 621
2 1651
2 1210
1 91 4
1 1379 -5
1 292 -9
2 1422
1 1298 -9
2 1121
1 1824 -10
2 247
1 1230 9
2 740
2 1847
1 1975 -4
1 64 -10
2 1597
1 857 -10
1 592 1
1 227 -8
1 252 4
2 116
1 492 -10
2 438
1 1571 -3
1 833 10
2 1904
1 839 -1
1 1012 0
1 157 -2
1 85 -7
1 926 -4
1 869 7
2 1532
2 1602
2 247
1 232 -9
2 401
2 231
1 205 9
1 1812 -4
1 194 5
1 1099 2
2 589
2 1093
2 568
2 1133
1 1209 -8
1 1058 -8
1 340 2
2 855
2 1902
1 1241 8
1 412 -8
1 216 -7
1 346 -1
2 1255
2 329
1 357 6
2 44
2 648
1 1871 -2
1 854 -1
2 1886
1 361 -6
2 1782
1 426 -3
1 1697 4
1 663 6
1 1343 -1
2 721
1 395 0
2 1487
1 256 -3
1 338 6
1 383 -5
1 1621 8
2 649
1 739 -5
1 269 -8
2 1321
2 1526
1 1653 4
1 546 -9
1 1687 9
2 1451
2 1178
2 555
2 1592
1 412 4
2 1861
2 1865
1 1446 5
2 1549
1 1437 -4
2 930
2 1738
2 33
2 1752
2 1568
2 737
1 1567 -10
2 1092
1 1317 9
1 1898 -4
2 1773
1 1856 5
1 504 -2
2 806
1 712 6
1 1180 1
1 1538 5
1 1239 -8
2 1178
1 384 -3
1 1981 -1
1 1904 -3
1 1077 3
2 1186
1 132 -8
2 1827
2 772
2 1153
1 1922 -1
2 79
1 840 -3
1 224 2
1 1802 8
2 1841
1 1383 -6
1 1439 10
1 1096 -10
1 1395 -1
2 148
1 1901 -9
1 443 -2
1 1148 -10
1 386 7
2 1403
1 271 -10
1 1133 7
2 237
1 678 9
2 693
2 1821
2 1325
1 1994 -9
2 971
2 1804
1 1574 -6
1 921 5
1 902 9
1 110 10
1 428 -6
1 1671 -1
1 1905 -5
2 1437
2 907
2 376
2 377
1 1260 2
2 19
2 149
1 188 1
2 1668
2 126
1 1519 2
2 666
2 1047
1 257 7
2 1012
1 931 6
2 82
1 1128 7
1 1060 -1
2 1752
2 1664
2 1988
2 1727
2 357
2 982
1 1948 -1
1 88 -6
1 1583 -3
1 83 -10
2 48
1 1688 -3
1 1219 5
1 846 -3
2 1303
1 1946 -7
2 289
1 1607 7
1 1668 1
2 280
2 1436
1 454 4
1 1956 -5
2 296
2 1835
1 258 5
1 1385 -8
1 71 3
2 838
2 856
2 200
2 1706
1 1651 -6
1 112 -10
1 397 -9
2 1997
1 1683 6
1 1300 1
1 32 -6
2 46
2 752
2 1786
2 1753
1 1165 0
2 1480
1 1945 3
1 1797 7
1 38 -3
2 1465
1 979 1
1 170 0
1 1054 5
1 809 2
2 528
1 300 10
1 1477 10
2 1087
2 1844
2 298
2 860
1 1147 -5
2 411
2 556
2 861
2 99
1 44 -7
2 1396
2 1769
1 1546 -2
2 1200
1 860 -1
1 1692 -2
2 947
2 104
2 591
1 922 -9
1 921 4
1 1729 -9
1 18 -4
2 1283
1 872 8
2 326
1 380 -5
1 1244 1
2 76
2 564
1 767 -2
2 175
2 1286
2 1935
1 1006 -6
1 570 3
2 1934
2 1602
2 5
1 432 -10
1 1174 -1
2 1023
2 1653
1 1130 -7
2 1381
2 195
1 988 8
1 916 -1
2 1102
1 9 -7
2 1613
1 1776 10
1 852 1
1 608 1
1 684 -8
2 611
2 1320
2 1255
1 187 -4
2 208
1 73 9
2 1371
2 1300
2 633
1 625 -3
2 1856
2 1251
1 754 1
2 1791
1 708 10
1 720 5
1 1235 2
1 965 -3
2 152
1 1896 -9
2 1646
1 364 4
2 1809
1 1412 -9
1 1616 7
2 1616
2 222
1 1540 -7
2 150
1 1637 -8
1 1734 3
2 256
2 1527
1 1411 -4
1 493 5
2 197
1 94 7
1 1184 9
2 1843
2 1130
1 1858 -6
1 303 -3
2 1550
1 1445 -7
2 1178
1 1300 -5
2 907
2 276
1 648 -8
2 928
2 311
1 563 -3
1 910 -7
1 91 -5
2 1688
1 1293 2
1 1258 6
1 1609 -4
1 499 0
2 216
1 1928 -9
2 903
1 1446 -6
1 1949 -1
1 1028 -2
2 1563
2 305
1 293 9
1 1291 10
2 467
2 895
1 284 8
1 880 10
1 1816 5
2 259
1 1576 3
2 291
1 1011 5
2 1165
2 399
1 117 0
2 490
2 642
1 347 -5
2 1966
2 576
2 947
1 44 -9
2 1351
1 1144 -1
1 99 5
1 879 -10
2 1635
1 1841 9
2 884
1 28 -10
1 1074 8
2 804
1 932 5
1 1474 8
1 801 -5
2 206
1 1685 -8
2 1904
2 1414
2 444
1 1154 5
2 833
1 1575 -3
1 1996 -4
2 737
1 276 8
2 1954
2 1391
1 197 5
2 985
1 132 -9
1 151 4
2 1366
1 1001 2
2 33
1 1993 -4
2 366
2 1249
1 1418 0
1 17 8
1 933 9
2 972
1 1914 -9
2 1369
1 1825 -9
2 799
1 454 -2
1 979 -3
2 1006
1 896 -4
1 521 10
1 1751 0
2 1685
1 1526 -1
2 712
2 853
2 198
2 84
1 197 10
1 760 -10
1 694 -5
2 1732
1 813 4
2 1545
2 934
2 70
1 1539 -1
2 21
2 1531
2 823
1 962 4
1 1221 1
2 768
1 1978 4
1 93 -7
1 1755 -8
1 1969 -1
2 1767
2 814
1 1670 -7
2 1346
1 1326 7
2 1338
1 1137 -3
2 156
1 487 -4
2 921
2 490
2 409
1 1463 -4
1 1821 -4
2 1158
2 660
1 988 -8
1 736 5
1 450 5
1 184 -5
2 1403
1 9 -2
2 772
1 1399 7
1 959 5
2 89
2 1849
2 275
2 899
1 600 -1
1 1082 4
2 592
1 1222 -6
1 804 0
1 676 -8
1 243 -10
2 1711
2 1392
2 540
2 1299
1 744 -1
2 1619
2 463
1 1503 -6
1 87 4
2 1793
1 1053 -10
1 1863 0
1 368 -5
2 759
2 903
1 739 1
1 750 -3
1 1587 -7
2 639
2 1281
2 692
1 708 9
2 128
1 108 -9
2 224
1 1239 -6
2 503
2 1291
1 1295 -10
1 349 -2
1 1042 4
2 98
2 1579
2 1437
2 1612
2 665
1 1733 8
1 475 -5
2 11
1 1199 -2
2 389
2 787
2 495
1 598 6
1 1730 5
1 635 -4
1 1218 2
1 449 -2
2 1402
2 1090
2 1934
2 1482
1 1564 -5
2 1861
1 99 -5
2 1370
2 1504
2 953
2 1326
1 1339 -10
2 810
1 1320 5
2 1053
1 135 -3
2 1480
2 847
1 1444 -1
2 1154
1 1232 -8
1 1666 -9
2 45
1 1622 5
2 1838
1 8 3
2 715
2 536
1 1685 5
2 542
1 1903 9
2 1246
2 1314
1 1884 -3
2 1304
2 1740
2 355
2 1232
1 703 5
1 1306 -9
2 1100
2 1772
1 805 -6
1 1910 3
1 842 -3
1 1006 3
2 453
2 1282
1 1887 10
2 778
2 1409
2 6
1 796 -4
1 1245 -4
2 136
1 1921 -5
1 403 -8
2 996
1 1531 1
2 1982
2 217
2 1188
2 1657
1 1296 -2
2 392
2 1805
1 1759 -6
1 1967 -9
2 476
1 163 7
1 1951 2
1 278 10
2 1831
2 1601
1 1435 -3
1 1489 4
2 496
2 14
2 1608
1 1639 6
1 306 4
1 1595 5
1 583 -9
1 1436 -7
2 714
2 560
2 1811
1 352 3
2 560
1 1424 -9
2 1557
2 1903
1 1356 -6
2 1848
2 873
1 1167 -6
2 572
2 1133
2 1452
2 197
1 549 -7
1 616 6
1 1302 -1
1 1089 -9
1 848 1
2 107
2 1688
1 1059 4
1 478 -2
2 1850
1 1184 0
1 1905 5
1 392 -10
1 1311 -3
1 1214 -4
2 522
2 1266
1 1008 0
1 1171 5
2 665
2 433
2 196
1 1762 8
1 873 8
1 400 10
1 1640 5
2 220
1 146 3
2 1833
2 1666
1 897 -5
2 1228
2 933
1 1835 7
2 1155
1 1434 8
2 1293
1 55 -8
1 980 -4
1 1219 -1
2 208
2 1135
1 360 9
1 1021 6
1 859 8
1 959 -2
2 286
2 1298
1 839 10
1 1764 1
2 82
2 1230
1 688 -2
2 955
2 465
1 1894 -7
2 838
1 325 -3
1 1813 5
1 281 10
1 1647 -2
1 264 7
2 1039
2 139
2 1534
1 438 -6
2 78
1 1618 5
1 1801 -1
2 1965
2 1373
2 1548
2 1864
1 880 4
2 608
2 1651
1 1475 -8
2 1618
1 1329 -5
2 285
2 624
1 104 -1
2 721
1 1197 6
1 1344 -4
1 1074 0
2 1407
1 941 5
1 1859 -2
1 1337 6
2 474
1 389 -6
1 276 5
1 449 0
2 1951
2 1162
1 674 -7
1 582 8
2 434
1 1848 -1
2 695
2 549
1 1839 4
1 1703 -10
1 1650 9
2 1941
2 1527
1 665 6
1 857 -4
2 150
2 762
2 1981
2 1856
2 1572
2 1507
1 974 2
1 581 -2
2 1261
1 384 5
1 465 -2
1 1295 8
2 1024
1 885 9
1 1903 3
2 1920
2 1383
2 257
1 763 6
1 455 3
2 1179
2 633
2 396
1 121 -10
2 1435
2 686
2 512
2 274
2 1912
2 593
2 676
1 17 -1
1 1364 1
2 1123
1 1190 -4
2 430
1 153 0
1 468 8
2 144
2 1420
2 720
1 1674 7
1 239 -7
2 1088
1 1671 1
2 642
2 272
2 911
2 1699
2 923
2 1601
1 1911 0
1 1952 -4
2 1936
2 656
1 790 -9
2 64
1 1017 -3
2 1744
1 1523 -9
1 1277 10
1 1127 -4
1 1786 -3
2 811
2 1463
1 983 9
2 128
2 1901
1 1097 -9
1 1577 6
2 331
1 143 8
2 489
2 1959
2 631
2 1135
2 1777
2 912
1 1767 -4
2 1329
1 1178 9
1 1705 -10
2 1895
2 1741
1 659 -8
1 1180 -3
2 1236
2 42
2 1878
1 1643 -3
2 894
1 1648 -7
1 347 -10
1 1297 0
1 386 2
1 1623 -5
2 1922
2 243
2 1851
2 1691
1 1488 5
2 1062
1 1582 -5
2 1582
2 789
1 53 -5
1 331 0
1 1027 -9
2 1736
2 62
2 1746
1 791 -5
1 702 -7
1 1514 6
1 875 -7
2 1099
1 336 9
2 821
1 447 -1
2 1735
1 1675 -4
2 1201
1 1386 -6
1 1343 9
2 1560
2 1411
2 302
1 1192 5
2 1876
1 1085 -7
1 401 4
1 1670 5
1 1142 -7
1 1712 0
2 321
1 1293 -8
2 352
1 1222 -9
2 1265
2 1862
1 1186 -10
2 1351
1 1172 -3
2 315
1 387 4
2 359
1 924 -6
1 818 6
1 886 0
2 894
2 775
1 1859 3
