197
105 64 120 119 86 24 54 141 76 191 145 21 124 12 49 165 179 193 169 51 31 85 93 20 62 157 125 82 174 107 79 75 187 159 118 160 66 39 70 196 42 13 175 135 111 73 74 17 69 78 194 171 60 104 28 50 142 190 116 143 65 100 84 180 7 158 123 149 185 90 172 155 57 184 8 168 97 91 177 29 156 88 52 33 161 153 48 173 35 178 55 22 109 127 92 164 102 80 67 72 110 83 87 151 166 16 144 96 81 138 121 59 47 117 25 137 182 43 136 15 122 45 1 181 134 154 6 26 94 63 146 11 9 106 98 0
15 188 154 34 88 24 193 192 65 45 7 148 108 72 174 165 66 1 61 129 101 127 54 120 35 110 184 191 130 131 176 93 172 182 60 164 13 143 109 5 36 128 100 83 181 161 180 8 152 33 43 77 113 51 170 2 31 30 92 104 48 67 167 126 133 12 75 171 18 98 27 190 139 84 111 47 189 20 96 0
106 172 129 33 182 146 65 10 134 164 141 163 19 66 142 108 133 187 170 16 128 55 126 28 92 169 75 120 159 121 85 111 43 102 152 144 23 7 53 143 89 81 84 12 18 119 191 189 90 76 117 193 26 162 157 68 171 194 59 8 166 30 118 61 34 168 24 60 47 32 48 54 40 186 116 11 77 96 135 138 9 83 5 69 175 37 73 136 97 192 4 109 114 80 181 56 99 78 31 125 196 103 51 178 35 195 42 177 115 148 160 27 112 110 151 20 94 150 145 176 122 15 67 167 21 132 3 149 29 39 161 64 57 70 2 154 197 127 180 45 147 13 72 74 156 124 105 1 46 93 91 188 52 123 63 184 36 87 6 95 62 165 190 104 86 82 0
180 111 27 149 22 187 155 16 75 66 77 86 11 89 143 78 52 152 56 59 87 146 195 70 157 159 192 80 6 63 161 163 174 55 8 60 193 108 85 175 29 144 2 134 123 0
103 82 189 125 45 51 68 176 86 152 52 24 25 98 11 46 29 102 135 30 187 197 39 9 85 97 114 1 163 89 137 65 100 19 139 107 153 53 78 37 118 106 20 185 93 180 0
127 123 20 28 139 178 161 189 138 51 18 134 86 192 187 73 166 26 102 7 23 65 4 30 115 11 89 188 148 45 101 124 114 68 47 104 21 110 190 22 171 91 72 107 135 40 177 180 181 60 121 173 154 5 183 96 129 100 85 164 97 151 8 39 1 80 48 112 75 150 9 162 83 118 163 35 43 56 10 175 92 168 195 67 17 31 49 182 197 37 143 196 82 137 88 167 38 78 184 116 70 50 90 172 113 3 159 157 55 59 141 105 185 133 146 119 186 170 130 57 27 194 24 122 94 34 153 16 62 13 64 32 111 74 87 6 108 95 15 131 193 58 132 179 66 36 69 158 81 128 63 76 29 25 84 61 54 117 77 126 136 145 0
37 65 62 167 109 132 185 116 86 21 64 165 87 91 151 2 81 53 190 88 194 55 58 18 60 152 188 128 124 73 121 137 1 108 59 82 67 170 32 193 96 29 162 12 130 149 157 92 10 114 61 39 117 51 80 107 16 74 171 100 93 168 147 22 9 172 31 120 57 46 126 146 102 175 159 70 47 163 187 179 131 136 75 174 7 90 178 113 119 23 123 115 68 43 76 101 20 106 94 8 148 79 129 125 38 166 24 5 27 156 182 169 15 150 4 45 40 89 135 30 42 195 155 177 77 112 99 164 138 197 85 11 69 13 50 63 103 180 17 6 134 34 33 98 189 173 66 161 191 142 26 104 141 83 183 176 133 118 78 35 54 28 127 95 122 105 158 181 111 184 110 196 186 52 0
33 9 173 13 143 104 112 12 26 126 138 155 171 164 36 197 38 20 99 19 181 161 157 69 74 48 11 15 101 67 184 182 91 3 80 30 154 16 46 27 62 119 79 28 52 139 6 4 37 127 51 25 196 0
12 45 92 16 46 164 143 9 64 158 81 7 130 177 54 165 120 168 67 99 123 40 23 34 82 28 53 197 73 138 128 116 1 174 79 26 65 152 108 104 30 86 75 184 100 18 135 56 52 78 25 48 133 172 192 24 57 117 107 5 179 121 118 127 134 129 97 98 190 61 50 178 159 47 109 110 147 141 102 115 176 72 85 87 8 187 36 13 182 76 21 124 191 15 32 126 6 181 136 58 157 29 66 161 94 162 170 59 144 105 150 167 95 88 195 169 69 93 146 186 149 101 112 68 160 142 196 49 188 139 155 0
173 5 168 145 36 83 11 155 174 176 74 177 34 142 6 40 52 128 180 81 91 49 126 32 188 131 103 10 77 165 100 67 116 35 157 27 167 7 122 12 178 97 161 15 169 79 54 112 94 191 193 160 53 118 197 184 101 69 26 78 25 99 55 28 87 163 143 76 153 1 181 179 129 171 172 39 51 154 92 127 88 138 59 65 189 16 121 156 196 3 182 144 106 113 47 86 186 124 56 170 104 80 147 139 13 141 29 125 152 22 136 63 123 37 134 159 24 183 64 90 109 42 23 107 135 57 30 98 117 19 72 164 93 119 38 8 70 18 166 31 162 33 95 9 4 108 96 150 58 62 111 46 20 60 195 130 89 149 185 75 0
109 174 52 60 191 7 167 98 122 85 186 75 161 55 96 99 136 86 105 64 53 90 27 10 74 142 87 104 113 162 176 156 101 145 144 92 66 120 91 183 132 50 159 62 12 197 103 2 173 143 181 84 11 193 32 134 57 171 28 166 3 170 81 25 102 155 138 151 154 137 106 133 47 119 125 61 141 112 168 115 56 148 1 88 189 108 8 195 100 169 121 23 131 21 139 157 146 69 130 5 82 39 110 35 9 22 73 107 78 89 0
110 82 134 173 141 114 147 97 138 66 83 16 182 163 197 132 152 117 67 21 54 178 74 176 177 102 186 95 190 154 155 157 137 125 9 146 53 48 12 90 165 76 80 85 179 192 153 61 40 27 136 0
197 91 124 46 164 121 109 179 165 0
122 118 78 64 67 168 170 25 89 46 19 152 60 75 55 162 147 26 104 134 148 124 85 57 90 10 48 28 7 3 153 31 86 66 119 30 63 181 69 178 12 192 158 32 114 154 95 167 145 17 193 196 108 80 79 194 76 101 5 190 47 39 189 94 51 191 77 34 164 137 120 8 182 29 92 186 113 163 2 102 106 129 133 38 169 123 132 49 130 126 127 187 53 45 56 35 172 131 112 20 125 88 52 4 99 143 87 58 146 97 151 54 180 121 161 27 73 0
11 82 28 65 104 84 124 191 143 51 111 151 121 197 52 162 91 24 196 34 75 56 69 55 145 107 108 122 179 127 8 158 164 35 176 189 126 42 192 103 67 10 163 94 22 18 150 195 141 83 93 102 81 128 134 73 135 144 96 186 109 58 77 70 181 98 137 57 88 62 2 142 120 80 129 183 92 171 165 155 33 32 21 15 101 114 79 139 180 174 6 100 130 147 193 63 146 97 86 154 27 29 7 178 173 123 25 177 50 187 185 89 113 136 156 131 37 46 19 85 12 20 106 78 76 160 148 159 48 153 118 117 125 64 38 152 175 182 3 168 61 119 194 39 169 112 13 43 66 16 87 30 95 190 138 60 105 26 157 170 5 110 45 188 90 40 184 59 132 23 167 99 172 116 54 0
3 193 70 38 197 52 195 85 105 72 48 90 189 50 4 118 174 26 5 56 160 12 164 96 190 158 16 107 117 159 74 167 2 46 109 76 132 162 17 58 6 101 104 152 99 125 127 185 65 191 61 33 169 23 31 68 0
186 94 57 165 114 144 95 99 2 154 63 40 42 6 185 19 65 111 64 35 187 148 37 183 196 195 163 168 80 103 162 123 54 75 145 46 7 16 11 13 176 49 146 43 22 171 184 4 118 149 50 74 36 189 130 122 174 70 8 119 38 147 32 152 192 21 34 139 182 113 112 27 166 5 142 45 116 109 89 78 128 115 72 173 197 93 20 12 170 26 121 55 155 136 83 164 61 129 73 92 138 39 51 105 1 77 84 76 132 150 96 161 188 141 56 193 181 47 60 62 90 31 135 33 85 0
109 95 42 129 139 60 27 168 107 46 195 134 116 173 12 185 169 145 53 67 94 133 64 80 138 15 0
109 23 55 105 146 186 42 11 60 159 0
147 75 38 84 194 125 133 150 130 56 58 128 176 109 62 189 180 188 46 173 36 64 177 49 178 98 137 17 3 83 63 193 106 162 181 134 80 32 92 195 7 152 34 18 22 43 171 105 59 112 123 13 124 172 48 88 159 165 141 186 68 182 81 2 33 73 167 55 104 16 57 139 113 65 4 86 95 91 108 142 114 1 179 28 42 35 138 89 166 169 110 107 20 100 97 118 156 69 197 94 122 174 151 52 145 79 160 144 131 27 154 129 183 0
146 181 42 124 45 9 94 87 136 36 129 119 196 174 70 103 64 109 8 96 185 65 58 134 183 73 74 97 168 115 142 69 158 105 56 85 26 132 48 135 78 39 171 50 37 186 31 165 88 98 153 120 151 46 172 76 157 191 137 155 93 102 67 100 122 60 1 138 141 20 49 24 127 3 193 2 188 89 147 149 5 33 75 80 163 86 159 190 43 192 123 131 38 121 111 130 19 116 57 40 126 52 91 77 10 99 25 114 173 194 28 92 53 176 139 178 66 162 125 104 187 112 154 180 106 160 12 145 16 55 82 175 17 197 108 143 161 164 195 54 101 167 179 13 51 166 189 170 34 23 148 128 156 62 61 184 32 7 30 72 152 83 84 21 113 144 90 68 79 150 22 0
139 154 4 194 117 173 59 126 81 91 93 54 146 191 39 50 119 62 182 5 106 1 38 47 34 66 158 192 138 127 162 115 102 22 16 128 12 144 10 189 46 176 87 85 60 8 21 169 104 129 107 53 78 57 109 110 28 17 193 24 136 11 40 0
143 155 47 58 9 27 138 168 184 111 92 18 87 182 66 46 99 163 90 115 124 102 48 52 114 151 57 98 186 167 85 21 154 60 29 34 82 137 145 173 95 161 174 121 171 152 49 190 106 93 153 8 38 180 119 50 69 125 109 117 96 83 43 169 22 55 158 89 15 94 188 23 4 100 101 33 127 130 193 172 157 88 166 129 103 146 112 148 32 7 187 72 139 30 113 54 160 192 159 37 150 70 147 79 120 197 28 19 104 183 170 10 185 81 91 75 107 13 144 67 126 136 17 16 40 194 179 20 5 62 122 51 36 65 39 123 3 11 118 84 105 25 80 73 97 2 196 77 24 162 0
28 197 179 154 76 132 122 142 19 101 30 53 77 29 24 141 0
61 179 154 58 185 138 118 164 142 170 197 180 97 107 166 66 108 24 143 48 144 12 106 23 4 190 46 115 93 29 78 91 137 120 88 188 70 56 42 109 181 155 110 134 178 60 117 96 102 87 19 141 139 76 183 50 77 147 32 105 59 165 122 103 113 64 119 45 159 74 54 39 15 69 177 75 114 21 94 7 168 124 184 20 72 33 80 163 82 5 30 121 85 36 167 31 22 127 55 169 27 153 158 67 13 83 191 98 65 192 186 173 49 8 112 145 40 175 35 11 176 193 6 189 52 26 148 160 34 95 196 79 99 128 81 17 171 86 68 57 62 43 133 156 101 104 10 111 9 73 116 150 151 125 182 131 123 18 162 0
157 110 132 52 174 176 25 104 117 155 22 153 29 106 167 169 31 133 53 181 65 88 100 173 135 61 156 12 193 179 113 105 124 36 129 20 118 19 195 58 68 101 125 37 43 158 183 66 123 165 82 5 72 0
23 93 32 123 72 163 45 85 156 131 100 187 25 18 65 165 11 181 63 133 118 31 68 91 186 13 122 113 67 12 40 77 120 132 75 83 37 6 19 188 8 54 97 152 195 43 196 2 128 193 38 171 70 139 107 96 29 166 30 79 130 3 33 182 59 74 180 197 95 36 134 191 0
81 3 40 109 117 127 121 162 139 62 132 193 148 99 197 136 26 111 104 36 64 95 78 68 70 33 170 84 108 56 100 190 124 57 19 96 186 46 122 161 141 66 89 98 85 181 149 182 69 163 195 10 15 6 29 97 87 160 179 154 37 42 35 31 38 156 113 184 34 7 8 185 1 105 92 24 167 155 12 107 129 63 22 173 137 138 17 77 116 43 164 119 112 130 126 88 171 196 183 0
98 31 156 54 188 52 110 122 118 76 83 57 99 121 87 137 182 81 64 10 53 109 176 92 77 69 195 126 105 11 150 144 51 78 6 90 86 190 197 163 55 18 186 107 159 104 153 119 132 66 49 108 136 181 35 73 158 160 123 94 88 1 60 56 100 95 21 161 120 72 125 58 24 33 164 3 97 40 5 146 142 74 135 152 143 184 134 192 67 34 93 85 17 27 131 8 183 103 12 9 96 179 26 139 25 112 30 117 162 89 185 116 151 61 133 167 38 187 106 42 193 114 20 148 124 155 170 7 23 13 189 138 171 101 4 0
14 148 25 29 30 10 80 85 181 90 95 170 81 175 180 149 131 119 155 0
181 15 182 7 115 160 76 1 176 135 70 195 183 104 18 59 96 116 132 193 150 157 26 180 65 4 75 52 125 174 97 169 38 98 54 131 74 19 179 58 184 48 89 175 144 118 92 3 106 130 11 191 126 108 87 69 61 2 197 153 33 47 190 80 123 39 83 112 35 122 165 25 68 45 156 95 188 81 138 148 56 107 192 127 10 16 109 103 94 62 30 161 172 37 151 49 66 77 128 121 29 164 100 79 134 113 152 105 117 133 155 163 28 50 110 162 8 90 84 12 32 20 158 34 185 139 101 86 124 178 13 40 143 85 146 55 141 129 177 60 24 147 9 64 114 168 145 137 21 187 36 119 154 99 27 51 72 53 136 189 93 6 142 57 102 78 167 42 0
51 78 176 101 9 91 15 148 155 114 126 53 94 190 174 18 83 85 59 143 128 100 10 43 181 56 186 97 86 79 132 62 49 28 197 108 158 64 149 65 195 179 12 173 20 30 177 169 110 31 96 147 27 192 38 73 58 123 39 16 1 67 21 40 54 25 194 11 137 189 138 36 47 134 185 133 74 178 4 116 0
159 197 87 115 195 54 63 166 131 95 22 29 17 118 31 57 157 84 11 121 108 62 28 146 194 176 150 83 56 152 61 99 8 24 193 97 184 67 38 162 169 112 43 34 33 189 129 21 132 50 10 51 165 89 42 5 144 86 101 72 82 167 2 12 164 85 122 135 149 69 7 92 74 109 35 116 154 147 0
101 60 40 116 52 138 126 1 102 5 123 50 129 156 54 78 146 61 3 63 36 15 159 53 122 168 194 95 175 160 59 151 191 114 16 30 149 37 153 38 125 48 195 28 90 110 26 189 87 178 75 57 117 17 62 12 113 89 46 80 134 109 33 150 165 135 137 139 94 105 167 98 162 2 51 83 124 56 65 136 128 42 100 161 157 10 13 115 47 112 45 69 184 172 187 163 108 72 34 27 73 192 171 70 174 74 76 96 133 173 183 104 130 170 6 179 58 142 188 0
12 43 38 104 93 157 31 152 42 180 188 118 129 191 68 77 76 128 91 19 177 175 5 29 34 116 24 79 18 192 23 33 4 195 169 182 58 170 160 64 164 56 143 87 92 80 28 26 97 100 194 48 37 52 185 121 65 39 144 126 113 85 59 135 25 45 73 122 183 35 55 98 70 150 40 167 21 60 190 51 11 53 9 155 61 176 89 15 88 136 82 184 193 168 75 187 196 50 162 134 49 96 101 159 137 84 123 125 63 86 158 161 16 181 174 112 13 72 94 138 142 10 0
68 163 156 139 70 188 86 49 179 111 129 55 177 181 1 151 52 138 2 46 94 107 166 36 123 16 145 27 135 50 113 152 63 124 11 83 30 132 154 51 34 57 45 92 184 182 173 158 18 168 25 143 191 17 183 0
42 92 186 172 185 82 69 95 130 120 189 79 84 121 144 18 135 0
183 52 45 194 95 60 65 118 190 70 89 113 132 30 51 175 103 39 172 182 111 109 108 150 23 178 159 35 153 11 137 58 54 98 99 57 13 155 22 97 101 135 119 7 115 179 180 165 122 195 114 86 170 96 158 76 105 176 19 53 79 138 166 12 0
17 112 125 79 67 117 101 193 64 16 51 186 131 160 53 105 55 170 88 100 12 77 188 121 129 69 37 162 6 85 130 194 132 7 159 109 161 75 83 76 39 173 137 148 111 192 126 25 158 54 80 115 35 11 42 70 45 30 180 20 52 21 68 175 138 155 82 156 2 65 122 177 24 13 72 141 84 40 151 167 38 50 135 102 98 153 81 128 187 62 179 97 9 157 90 89 15 48 103 1 99 56 150 5 176 133 182 27 178 154 78 183 95 43 174 94 110 163 114 91 113 166 168 8 152 195 146 185 57 60 147 74 59 31 169 118 3 144 139 96 0
146 7 176 73 93 51 83 82 76 24 89 10 191 45 172 102 116 55 19 78 149 81 165 148 163 197 92 179 32 107 150 168 127 131 123 134 147 109 12 99 80 5 28 144 186 178 158 95 34 121 36 75 128 8 180 70 30 167 151 114 33 136 39 61 141 155 87 120 35 9 65 119 26 79 16 85 29 170 156 177 142 69 117 53 48 193 130 124 94 17 21 135 58 3 101 77 104 62 108 88 113 137 196 40 171 67 122 84 100 129 184 153 132 103 60 112 188 173 152 106 192 59 4 11 52 68 97 56 47 166 15 86 194 183 162 54 96 64 133 175 91 164 110 189 43 125 50 23 57 115 139 42 0
186 123 196 9 175 86 12 40 93 83 142 46 104 139 146 195 173 170 124 54 60 194 165 95 76 152 166 5 85 98 62 191 117 110 43 107 23 70 55 33 19 106 31 6 0
39 111 109 23 127 13 174 58 154 74 18 21 66 35 164 89 65 8 133 103 34 191 43 185 193 84 32 121 19 148 9 81 168 90 197 159 192 196 182 48 176 28 162 27 75 2 112 37 100 173 105 172 24 151 107 122 178 80 40 177 157 63 118 88 124 108 123 16 49 5 183 54 26 42 36 30 145 150 161 110 85 72 11 45 55 7 15 117 115 179 136 56 114 62 181 142 53 120 101 59 134 166 67 180 165 188 82 31 170 160 76 68 141 83 194 146 156 143 149 4 113 163 137 186 17 22 25 104 195 155 6 190 158 0
141 70 173 191 127 195 128 103 8 97 29 48 57 129 10 183 95 89 102 58 159 104 20 111 117 35 21 120 196 26 133 134 32 9 166 130 53 149 185 19 108 46 180 138 25 81 74 157 4 101 193 0
185 23 43 70 39 156 32 8 125 35 174 24 146 159 80 141 195 158 88 131 188 148 124 96 119 18 196 60 68 116 21 95 66 162 10 151 161 126 99 160 85 94 152 120 42 101 93 197 176 16 37 145 15 134 167 157 100 63 50 27 40 33 77 9 28 122 194 38 128 187 25 150 92 19 143 106 183 137 114 104 129 190 189 108 5 178 139 191 112 58 117 147 67 46 97 142 182 4 17 172 57 186 138 136 115 121 98 69 2 163 76 109 111 132 181 47 55 45 135 62 169 179 154 20 144 102 105 26 130 74 180 72 82 81 166 22 84 103 170 110 113 78 48 51 12 64 118 175 53 149 171 61 31 192 164 36 52 7 107 155 165 184 87 30 86 173 127 54 6 193 3 153 89 65 133 83 56 1 123 79 91 49 34 90 168 59 11 29 75 13 0
10 195 197 36 95 113 2 149 115 94 123 135 105 124 131 176 148 37 122 102 184 16 174 130 193 160 28 88 0
70 76 97 77 165 179 17 39 127 89 96 13 155 1 85 52 25 162 69 84 141 88 182 90 95 11 195 164 81 138 3 117 46 19 125 51 188 134 10 116 147 166 133 24 180 40 170 38 7 65 29 16 55 144 8 74 174 153 54 102 122 111 4 98 92 148 43 139 156 175 183 22 126 196 62 145 107 121 35 110 172 48 123 33 72 130 137 68 128 34 59 80 99 49 187 58 185 60 161 27 57 64 136 32 93 75 9 194 113 151 82 42 87 192 94 105 152 109 167 157 120 118 184 66 6 146 100 104 173 101 83 5 86 26 91 2 191 115 56 79 186 143 177 124 197 168 67 131 150 132 12 160 142 178 78 108 181 129 28 37 190 45 169 171 154 159 0
191 22 56 78 105 48 111 29 1 195 170 59 119 10 116 189 65 31 193 143 184 91 175 77 30 151 133 178 109 132 162 13 17 180 36 7 164 171 194 9 129 54 155 90 125 168 145 52 66 74 89 68 86 112 87 94 73 34 6 192 136 157 98 18 21 80 12 103 53 138 3 102 196 172 81 37 99 23 190 113 64 60 106 2 58 182 127 49 187 186 38 110 177 39 92 16 96 33 160 134 139 128 141 108 46 179 20 82 75 19 163 176 25 51 4 146 35 167 57 149 117 100 115 137 118 148 28 61 8 76 156 197 0
121 72 154 185 149 46 11 63 6 15 189 116 173 166 92 9 27 163 39 190 136 87 180 191 186 37 54 179 62 81 175 118 84 164 68 94 107 66 192 102 145 184 196 97 42 8 130 20 47 60 26 155 135 33 171 69 132 143 176 64 29 152 170 111 74 67 168 142 61 5 31 34 57 23 36 127 129 0
36 70 29 175 30 56 88 113 64 185 181 31 43 156 24 90 120 119 32 15 37 74 55 57 94 23 197 73 54 80 9 39 171 125 193 95 19 183 103 110 17 112 104 84 26 47 63 151 27 45 75 136 20 191 116 147 150 161 172 6 18 137 3 117 48 124 127 108 118 144 10 143 0
187 124 36 136 65 172 107 132 18 58 79 16 19 86 182 22 153 20 100 197 61 155 27 59 76 184 160 156 69 169 35 21 111 68 170 93 162 127 49 154 8 137 9 150 134 159 149 165 82 6 117 142 4 84 0
179 111 94 113 51 19 195 162 106 54 68 96 117 176 137 170 186 121 132 158 185 99 33 39 153 57 46 163 89 81 7 47 160 52 151 141 16 38 115 15 138 128 169 190 91 175 79 20 131 145 174 90 192 172 29 123 166 119 25 135 177 48 82 173 146 1 9 122 110 40 191 92 63 65 168 178 171 136 196 148 126 108 24 75 10 37 80 26 133 12 102 112 125 22 30 142 147 188 180 189 78 43 118 130 31 167 154 181 5 139 59 23 187 93 193 11 69 64 165 2 87 88 21 28 124 143 72 58 42 182 70 8 150 129 194 84 55 152 114 32 56 35 157 34 36 197 6 17 159 73 13 155 98 161 67 0
114 40 171 124 97 131 10 165 156 68 174 136 5 179 17 63 72 142 75 70 32 87 85 59 135 35 84 108 49 61 56 123 183 110 15 185 25 193 96 173 42 181 46 80 1 175 43 194 79 73 12 178 138 118 109 188 103 76 129 139 125 127 99 192 47 58 21 141 167 102 134 164 62 147 189 38 50 28 153 144 13 154 130 112 159 100 39 195 8 166 191 52 24 169 182 9 128 152 190 7 88 60 20 57 120 31 105 64 65 91 107 186 98 126 11 90 117 30 155 187 92 18 148 36 37 3 48 151 78 51 121 26 157 158 143 113 54 176 74 149 116 67 163 55 133 94 119 160 184 137 132 27 168 83 111 93 95 101 150 197 0
92 25 50 31 47 127 1 84 173 121 139 165 2 103 137 97 125 100 40 11 56 163 102 34 74 117 136 171 119 48 134 177 80 33 30 88 65 197 79 4 64 175 189 166 57 162 122 55 185 112 76 109 91 46 26 118 172 195 53 192 95 159 126 104 184 90 128 138 36 89 7 101 194 154 3 188 19 131 82 120 61 93 85 72 83 160 135 18 12 158 147 176 51 146 115 151 52 152 16 142 70 145 132 15 148 6 133 150 149 20 27 130 58 13 108 98 110 124 167 59 37 24 161 94 75 54 81 153 178 96 43 107 22 191 63 155 62 10 28 60 156 0
121 128 112 80 101 30 91 49 23 69 179 194 68 185 86 24 45 150 133 74 56 72 189 123 190 50 79 43 125 17 129 20 108 95 169 138 16 164 175 197 42 177 37 172 81 31 52 53 110 85 54 22 59 87 75 106 96 11 159 163 160 174 88 192 1 161 126 103 66 115 25 132 109 7 28 0
53 76 89 3 130 124 36 80 189 21 160 108 141 122 152 194 13 116 54 101 33 12 193 56 112 49 74 148 90 195 79 154 105 100 153 132 26 52 43 146 77 46 113 149 1 47 72 128 10 104 137 174 65 39 38 99 117 109 177 32 114 119 86 110 25 138 85 88 63 192 48 131 107 164 67 157 120 144 2 134 180 170 68 11 166 106 7 181 28 51 191 167 82 69 185 162 18 172 147 87 55 168 34 96 81 5 161 197 129 151 187 58 102 136 196 111 176 19 61 42 15 94 97 64 17 184 23 163 121 115 22 29 143 16 50 135 183 73 145 98 103 24 31 62 125 186 178 126 179 40 70 190 4 83 188 30 9 173 171 20 175 75 84 159 165 123 37 169 92 133 59 57 155 142 156 45 27 182 78 139 66 93 118 95 150 6 35 158 8 91 0
40 34 54 45 10 33 90 193 22 181 47 165 160 98 185 119 16 65 135 64 155 137 89 82 169 108 55 156 70 81 197 176 46 184 190 29 32 2 116 109 4 186 174 88 35 96 117 31 175 104 128 18 49 93 8 9 85 101 94 154 77 99 172 136 91 105 68 7 43 5 143 132 148 63 84 78 86 24 180 36 196 161 51 83 142 61 103 15 120 173 92 139 95 56 11 39 87 6 189 147 191 168 187 97 179 133 80 59 60 171 188 123 30 27 182 12 153 146 177 131 141 138 19 145 110 149 125 114 25 121 162 66 164 159 3 76 129 69 100 21 28 107 42 195 163 151 113 150 183 152 23 115 106 53 118 74 67 192 102 52 127 13 79 170 124 144 111 57 157 0
104 61 126 174 168 130 160 81 178 45 118 183 175 125 40 164 157 22 54 94 179 53 121 177 80 77 150 31 0
160 15 0
89 40 62 148 101 97 126 193 23 108 66 162 153 180 147 182 83 8 95 127 151 5 141 121 36 24 54 131 77 84 138 39 166 93 22 2 192 190 60 81 32 18 16 179 150 13 144 163 20 123 184 165 187 55 142 0
42 114 191 126 122 161 33 62 155 116 193 96 97 54 32 192 120 61 12 38 78 136 138 15 13 81 146 19 47 163 26 48 121 197 50 145 152 180 63 106 52 108 124 185 194 148 154 2 80 75 159 169 16 134 76 27 74 125 35 70 89 20 24 167 95 173 0
169 89 57 119 134 10 99 35 116 3 156 195 31 163 19 108 77 1 132 95 48 146 105 150 155 191 181 15 194 164 37 162 172 33 190 78 16 109 143 24 168 51 149 178 141 88 139 96 126 50 111 83 110 175 120 26 87 84 122 151 2 188 136 79 54 193 127 25 186 130 0
109 112 79 42 22 52 21 159 152 126 45 130 147 36 191 94 131 154 172 40 120 114 144 18 197 104 177 108 86 15 121 81 180 98 187 83 145 178 48 61 129 11 137 169 163 35 53 115 59 68 133 182 26 170 183 148 136 158 74 160 38 184 33 99 4 82 157 119 10 185 3 190 46 2 39 139 90 84 34 92 175 75 149 78 124 95 80 165 17 27 168 57 195 72 122 8 54 106 196 23 62 194 6 50 162 73 192 146 13 188 96 151 66 100 9 60 77 174 30 58 47 31 97 134 156 141 118 186 179 7 87 132 32 155 105 64 153 12 173 103 93 88 65 142 181 24 171 20 0
51 160 66 162 147 84 130 12 64 13 104 145 8 157 25 31 94 146 63 169 144 132 185 150 149 133 178 28 179 5 73 188 80 142 131 17 152 153 45 192 46 54 20 114 118 177 187 106 86 57 122 191 194 69 110 76 172 139 166 38 22 128 55 26 36 60 126 58 37 96 196 34 19 61 184 72 111 90 48 89 39 158 183 16 88 109 79 148 154 95 97 101 138 53 107 92 173 165 102 4 137 67 15 125 93 74 9 21 197 167 7 116 164 181 151 134 24 59 108 47 35 30 124 83 189 155 40 49 29 6 3 99 68 82 143 33 175 18 70 190 136 120 78 135 1 113 141 127 11 75 123 170 91 193 168 117 32 50 115 112 161 81 85 156 98 65 129 119 195 163 176 186 0
120 29 131 18 135 186 66 164 49 175 58 8 113 107 16 3 98 149 159 43 60 48 55 160 9 46 61 12 166 163 193 138 25 147 31 77 142 173 143 125 30 123 112 10 132 73 153 100 196 195 154 146 168 133 26 4 126 0
134 101 160 99 49 145 139 136 30 172 116 195 177 194 83 61 115 66 174 180 37 193 159 43 155 69 143 29 31 175 165 4 131 73 8 72 91 110 141 53 167 162 181 89 81 78 103 24 187 183 27 108 35 22 28 197 32 46 58 164 127 18 153 45 186 176 76 65 26 178 102 138 7 92 47 135 56 179 12 169 70 129 122 3 19 150 104 119 147 40 5 17 67 196 15 149 188 33 105 120 151 62 80 192 23 16 182 118 111 77 6 75 34 57 20 9 38 171 161 52 39 158 11 156 190 191 0
121 169 102 193 60 73 84 149 124 185 131 197 107 101 130 133 61 166 62 68 142 88 196 187 116 155 109 27 100 45 21 38 67 53 20 99 63 184 85 46 141 22 195 57 192 112 25 49 36 4 5 104 42 6 77 94 172 75 129 159 78 139 150 9 158 123 152 52 18 69 11 165 183 120 91 161 118 56 128 80 89 126 114 174 79 125 157 180 110 194 58 28 39 181 178 2 160 173 179 143 8 48 3 55 13 134 154 191 93 83 66 59 148 24 113 132 182 119 47 127 175 188 74 168 190 12 105 70 189 1 50 135 108 151 43 26 171 162 0
118 37 9 20 126 0
130 165 73 5 43 53 85 42 27 175 139 46 108 158 184 89 50 150 131 38 146 93 97 163 81 28 16 138 67 168 116 177 154 124 31 190 70 194 181 106 35 58 86 186 178 56 99 132 105 82 68 15 167 128 62 37 172 63 3 141 143 114 156 137 96 77 64 180 185 127 115 126 34 102 103 109 133 183 6 153 94 192 118 1 74 189 104 159 149 65 33 24 101 134 39 69 169 187 90 145 152 76 23 9 160 112 47 29 100 182 75 179 45 40 60 87 20 32 17 157 79 49 191 51 92 147 98 119 170 122 111 84 113 10 197 48 83 18 142 0
11 128 80 131 87 45 126 114 38 78 167 59 183 154 82 25 186 153 61 6 182 149 139 31 169 159 90 142 147 112 70 20 50 89 161 180 195 85 5 190 171 197 66 99 8 165 7 79 21 117 40 164 26 162 46 104 55 111 48 77 63 62 84 60 110 12 81 96 16 148 22 94 109 10 152 158 192 179 178 124 122 83 113 93 98 24 185 173 52 64 30 67 0
12 91 19 154 107 125 118 150 45 36 59 77 108 93 42 194 160 66 7 111 43 26 180 40 25 1 23 123 39 131 117 4 22 58 78 20 168 84 33 11 100 141 24 81 159 48 162 175 114 98 99 184 170 145 112 67 96 63 158 16 195 190 169 90 54 68 178 31 64 38 5 89 106 128 13 186 37 73 120 193 116 134 139 188 152 79 113 133 10 53 151 85 189 119 3 61 76 173 197 105 171 74 148 196 149 65 75 164 182 153 55 29 88 34 80 86 157 187 144 21 35 146 161 132 0
106 128 25 109 61 143 54 151 79 75 67 52 68 147 174 183 167 46 63 94 182 51 47 120 81 93 165 179 191 159 123 172 1 98 197 9 190 181 48 88 21 97 136 118 133 142 185 23 53 90 112 141 70 84 125 59 45 16 196 171 111 163 164 19 56 139 4 83 39 11 188 177 130 58 82 60 122 29 85 103 178 43 80 49 6 184 38 168 86 161 153 8 146 33 101 150 32 62 57 28 127 149 72 148 15 55 26 121 173 76 40 18 114 69 145 129 65 37 36 160 156 134 10 166 64 7 124 78 31 20 24 132 73 107 99 91 92 17 187 137 176 30 105 110 180 157 12 104 102 13 195 175 3 170 152 2 115 116 89 135 192 74 5 66 169 162 194 154 119 108 96 87 27 117 113 0
195 164 75 1 45 9 145 13 139 162 84 29 80 116 52 35 47 159 2 28 7 123 64 50 178 93 105 122 170 160 135 183 136 169 31 179 119 189 110 60 10 16 3 27 192 146 49 138 104 163 58 23 6 90 127 154 73 190 85 150 0
190 56 39 25 126 177 90 167 133 68 73 67 74 179 189 81 182 101 145 111 154 46 0
136 43 196 20 103 164 100 146 35 167 130 112 110 192 60 27 126 34 137 52 1 187 102 95 147 124 178 78 53 168 10 189 117 101 45 11 23 24 77 57 129 2 107 81 61 148 29 115 125 58 39 169 89 65 50 4 109 94 119 131 154 55 155 82 88 104 13 9 18 91 12 185 69 31 79 22 181 180 42 151 153 26 122 68 186 166 179 70 5 161 97 37 113 16 114 128 173 149 170 182 85 183 152 174 92 177 6 96 48 176 135 121 86 38 74 157 51 54 123 64 139 75 46 15 99 133 32 171 145 93 62 132 141 98 172 188 194 184 49 191 25 134 118 66 120 111 7 56 67 156 163 127 190 138 162 76 63 193 116 73 33 47 21 144 160 158 105 30 3 80 108 195 36 83 84 150 40 17 175 72 143 59 165 19 159 0
78 171 101 118 92 8 154 124 32 183 48 90 191 189 151 84 54 150 0
105 122 194 32 179 91 133 171 124 88 99 107 147 132 34 68 65 8 135 92 95 52 152 40 75 97 138 13 12 174 189 193 153 118 131 146 61 93 98 43 149 185 119 64 172 115 7 55 125 127 108 173 63 114 106 170 33 182 1 50 157 45 79 83 128 197 100 77 58 11 48 145 78 180 109 116 161 155 156 23 21 54 22 176 162 191 72 102 2 103 196 28 85 57 10 82 66 186 19 190 188 144 39 3 150 169 18 148 81 130 151 4 181 134 90 163 184 31 178 70 112 20 143 142 26 86 69 74 59 94 53 129 76 29 16 158 164 35 96 159 80 113 111 27 192 60 38 167 87 104 36 175 168 62 67 47 42 49 183 56 30 84 166 126 187 141 24 123 117 120 139 46 136 0
92 174 83 34 168 1 26 105 126 89 147 186 98 27 48 60 148 69 152 145 190 129 154 78 56 187 170 164 143 134 96 22 10 33 99 82 175 144 80 196 12 176 179 9 160 177 139 32 138 76 94 132 65 6 127 29 151 142 5 197 180 90 50 52 35 74 120 16 79 189 135 62 195 123 25 81 57 156 37 43 158 23 146 110 88 114 77 119 49 13 18 4 104 42 167 19 7 181 153 28 51 182 53 111 59 121 21 172 113 115 125 8 109 55 61 31 72 87 150 75 54 155 58 136 183 15 103 100 178 173 141 38 84 118 169 131 95 66 39 128 46 130 11 91 106 64 194 185 102 184 116 36 107 67 93 124 0
65 6 177 158 102 133 197 85 175 25 113 12 37 145 157 59 46 2 74 58 117 137 45 101 185 64 108 167 190 88 194 105 195 76 123 156 134 155 54 178 184 95 30 166 57 122 126 61 112 47 129 97 172 93 160 81 72 141 20 75 142 138 7 111 186 187 168 51 9 80 16 40 11 121 21 135 26 69 10 63 136 162 107 34 3 114 32 125 143 182 106 19 120 171 119 161 90 23 8 116 139 70 176 73 193 0
107 85 69 5 30 190 128 89 108 9 194 64 7 81 80 129 82 43 0
133 75 79 81 100 174 92 186 165 21 55 10 130 87 114 34 148 187 19 63 168 16 169 110 163 72 82 20 123 38 30 152 134 52 33 194 155 166 58 17 86 22 26 112 160 137 195 68 60 5 119 146 145 157 156 99 50 45 102 180 197 43 1 170 190 184 18 113 136 32 61 125 70 151 6 66 24 150 171 177 116 93 54 2 172 77 138 56 196 57 192 109 9 3 65 42 23 154 122 142 115 162 108 193 39 62 183 135 51 179 15 126 111 101 159 117 4 143 181 48 139 153 147 103 59 28 173 118 96 36 106 25 94 189 84 176 105 47 141 185 85 132 46 8 53 144 0
134 26 176 89 183 122 28 164 104 188 95 65 84 27 75 2 128 67 106 37 79 52 15 125 85 36 24 103 3 57 50 147 191 155 86 25 168 80 180 100 177 99 59 110 124 96 98 171 82 117 13 91 119 43 130 23 129 114 12 153 181 101 184 189 92 156 54 172 144 32 47 18 68 22 97 30 116 141 148 127 53 169 167 158 178 73 83 10 131 61 90 145 197 5 190 161 108 87 149 135 185 45 33 29 1 132 69 186 46 55 187 42 76 121 150 19 174 133 166 81 113 17 63 60 8 35 11 66 179 74 146 72 62 112 51 4 163 109 173 111 56 105 196 38 194 107 20 152 123 118 102 21 137 126 120 64 182 16 78 157 170 139 115 136 94 34 40 193 48 49 162 195 70 175 160 0
15 59 76 183 18 23 179 70 132 30 22 80 6 34 161 148 127 156 101 154 29 85 178 172 118 129 57 62 4 51 104 87 103 181 82 121 0
69 97 133 70 79 24 138 1 186 121 146 64 13 178 46 148 9 128 147 26 101 59 117 84 164 189 78 194 192 165 49 20 115 139 10 89 93 68 34 37 187 151 30 99 80 185 120 38 114 155 158 193 94 137 110 18 73 8 172 65 29 95 74 129 58 171 145 15 75 52 53 81 177 170 54 122 163 150 144 167 91 126 107 36 50 61 43 0
85 146 54 170 90 10 193 19 43 165 164 99 61 123 69 135 26 31 21 161 65 27 189 106 138 33 105 87 134 77 55 84 168 57 116 188 80 176 4 5 49 97 128 162 3 131 141 172 68 59 153 183 52 133 137 48 34 191 149 197 95 79 132 103 118 185 42 130 62 9 182 64 12 179 67 136 11 86 72 101 35 30 78 18 195 6 58 96 126 150 46 145 120 22 177 60 91 45 196 192 81 148 37 174 156 75 109 63 114 53 110 74 158 1 139 16 147 151 92 163 28 98 23 186 20 17 121 47 100 83 169 108 187 39 94 157 40 66 107 178 184 82 112 7 194 129 175 159 102 144 111 166 25 125 181 190 15 143 104 142 117 2 115 73 154 119 152 24 0
25 170 87 79 36 195 101 55 157 53 164 20 96 160 90 8 78 192 88 10 137 144 9 117 15 97 143 27 120 48 152 91 39 125 139 81 115 174 181 138 50 135 73 130 86 43 178 134 85 56 24 169 153 12 65 98 185 33 63 196 45 126 146 74 75 132 35 127 188 0
3 35 95 105 32 1 81 165 138 100 75 96 154 59 170 166 101 189 152 52 47 171 26 93 127 42 70 91 118 88 55 169 72 156 185 167 92 28 159 145 120 126 106 27 114 15 178 112 133 67 132 192 38 78 2 84 102 65 130 13 11 4 94 150 8 184 74 194 136 24 190 68 63 98 113 37 34 53 161 191 151 21 110 20 6 99 137 36 54 58 173 160 57 196 61 22 33 60 64 85 121 107 45 18 149 155 182 103 66 195 172 116 82 163 9 90 158 122 77 175 80 119 108 135 12 51 83 10 153 177 180 124 31 109 17 7 179 143 188 16 5 87 76 129 19 23 104 49 115 46 39 146 62 128 144 157 43 142 176 0
77 133 40 112 9 143 151 83 123 194 196 193 38 16 17 195 191 91 116 197 61 189 7 124 49 152 47 85 66 28 24 59 35 192 86 125 11 30 166 69 65 162 114 103 36 137 168 102 118 154 45 25 90 169 15 142 34 89 64 26 33 182 62 92 75 109 2 74 60 174 150 146 185 27 178 87 145 138 179 187 171 93 53 165 163 115 80 5 141 39 55 108 111 96 88 129 161 177 37 134 29 52 78 82 127 81 126 160 157 72 3 119 19 56 159 113 67 135 13 147 51 43 155 173 175 183 1 105 164 32 176 79 95 122 190 6 63 58 121 99 131 42 100 172 20 106 94 156 170 101 136 130 0
14 178 60 54 69 186 62 101 135 8 159 117 142 154 184 76 93 124 147 137 94 190 21 134 192 151 29 155 68 53 157 28 61 164 180 67 24 32 83 4 96 176 74 12 113 139 33 129 112 43 56 173 126 34 15 128 187 175 148 98 145 191 70 91 22 48 25 30 59 75 174 116 0
89 68 171 108 193 158 40 65 122 187 166 112 22 174 12 52 62 182 4 125 18 102 172 134 67 53 90 150 20 185 145 8 34 10 36 139 9 190 78 29 114 48 28 115 30 61 162 138 153 79 81 181 49 129 141 32 63 1 58 167 147 31 87 56 132 83 80 50 101 59 151 128 123 2 119 197 154 149 124 110 146 160 82 148 177 173 156 165 183 195 163 194 7 152 24 188 100 116 69 93 23 144 0
132 181 193 34 87 177 72 135 83 145 5 86 107 104 134 114 117 49 196 24 29 158 121 30 172 54 52 92 108 84 78 142 194 101 156 79 50 42 176 164 51 1 128 12 120 182 33 82 11 170 113 16 65 20 159 180 131 183 168 46 10 37 69 32 21 9 64 189 91 161 96 3 171 111 187 102 118 8 4 53 93 94 169 188 43 66 45 6 197 141 125 152 144 112 147 19 127 138 165 100 139 62 77 148 75 166 85 129 89 57 136 55 174 26 103 167 40 186 99 191 109 0
121 27 124 79 5 32 115 169 160 94 26 158 184 92 159 153 3 68 108 110 190 104 61 58 31 45 105 127 112 193 72 76 173 8 85 11 66 114 4 55 36 24 88 154 123 183 90 48 53 15 146 60 78 1 186 102 10 30 113 74 34 116 167 165 197 19 39 157 38 191 136 40 62 9 17 175 77 126 22 84 137 70 25 180 141 35 174 29 189 176 20 182 2 81 134 91 152 23 106 144 117 82 7 73 178 185 163 93 103 195 132 99 125 122 28 156 18 150 67 166 196 194 164 46 86 170 172 161 147 47 12 89 107 109 50 37 188 95 128 133 129 181 64 139 59 6 75 63 119 87 131 51 192 42 97 49 118 80 138 101 168 33 57 151 54 100 162 43 83 179 56 52 98 16 0
196 183 170 168 114 40 34 118 21 49 147 112 47 8 158 131 127 149 157 172 7 144 150 178 160 145 6 83 154 101 113 163 132 30 146 169 186 50 194 75 58 84 4 89 87 97 93 190 65 166 24 16 193 103 164 141 107 188 48 52 121 176 133 36 0
34 136 38 134 22 164 33 104 59 113 102 165 108 66 125 192 143 17 144 83 20 55 135 149 2 173 191 161 7 47 54 69 96 197 36 163 60 170 120 107 133 43 0
74 192 124 30 42 77 163 190 112 10 9 78 1 160 6 168 88 83 141 127 94 4 89 96 18 5 12 134 48 90 19 171 51 188 32 144 149 73 8 136 178 68 179 104 139 82 85 103 120 60 17 197 53 151 95 2 26 100 11 76 194 147 13 101 0
184 19 67 176 165 115 158 133 99 161 164 13 47 21 25 100 178 103 108 187 117 15 52 122 51 73 95 84 2 192 8 136 141 28 130 24 173 86 181 16 12 69 32 137 75 77 194 80 87 29 26 162 72 135 53 190 121 85 101 182 81 151 195 119 105 166 123 142 92 56 70 78 143 79 163 93 155 89 107 113 96 116 125 197 114 168 64 10 174 27 42 97 167 144 159 83 127 58 128 124 147 175 111 91 131 62 17 138 160 152 196 126 46 171 39 169 48 88 36 60 23 120 109 139 104 110 45 40 9 106 4 57 5 11 65 132 180 118 6 102 145 55 18 31 66 170 146 0
30 115 50 15 97 29 159 118 95 134 16 174 42 27 54 128 67 82 120 121 106 49 18 7 165 55 65 11 94 22 88 98 62 184 10 109 74 193 122 80 183 35 190 181 38 119 34 132 59 111 77 191 5 196 1 116 161 136 63 57 33 157 99 91 172 113 53 108 123 180 32 31 166 0
155 68 64 62 72 191 120 20 118 86 125 133 1 74 132 84 25 103 16 61 195 59 97 35 166 36 177 148 161 17 109 33 127 82 172 21 170 158 66 100 131 184 119 7 2 146 180 163 13 48 81 150 55 4 147 65 80 126 124 15 19 58 73 8 167 157 89 104 46 135 185 123 116 85 28 92 94 3 188 75 145 60 144 152 51 47 176 121 43 93 50 186 6 130 96 171 175 67 105 112 162 110 194 137 169 88 5 0
16 2 50 177 196 108 80 34 31 145 37 125 63 109 197 61 159 180 185 33 64 75 92 166 142 107 86 175 167 42 46 67 85 155 101 147 194 149 183 103 182 135 21 113 133 90 1 79 187 172 162 29 91 150 118 56 181 18 89 15 121 153 43 9 178 143 100 78 189 28 72 39 192 160 58 193 154 40 195 17 179 146 81 3 165 49 122 45 57 8 82 190 96 95 0
128 185 179 105 21 68 84 126 159 190 65 63 147 107 72 101 132 176 24 77 99 166 187 34 151 155 62 164 11 122 22 192 13 3 136 143 47 157 133 58 191 86 49 85 158 50 113 174 75 108 91 56 53 117 138 39 171 98 48 103 165 180 73 141 145 27 170 152 32 150 51 184 186 96 76 123 177 97 9 52 17 28 104 148 79 194 175 43 5 82 54 182 2 169 64 153 100 188 1 178 109 102 168 60 124 20 173 142 116 135 7 121 29 81 4 67 163 130 45 16 172 46 57 10 31 144 33 195 94 160 118 80 8 189 89 19 193 38 181 93 115 74 18 0
118 52 183 155 180 105 66 101 54 77 19 63 170 103 57 143 45 181 182 188 3 139 82 147 98 42 138 110 94 100 129 59 32 35 159 2 111 70 109 146 5 72 107 179 148 167 108 187 142 123 128 68 29 96 90 33 7 193 161 20 67 91 38 81 49 115 174 8 185 116 163 17 95 27 12 124 11 21 150 154 99 168 76 47 34 55 166 22 134 1 145 132 74 84 136 121 25 160 86 184 50 127 120 178 65 31 37 30 112 92 85 149 117 46 164 137 40 131 56 9 13 104 186 122 39 197 189 73 156 157 97 141 64 192 172 153 162 16 18 130 114 190 26 151 53 152 23 80 113 169 78 36 4 171 48 126 89 87 106 196 158 88 60 125 93 195 69 10 135 191 175 79 176 144 6 51 177 15 119 83 194 75 102 28 173 0
91 165 67 139 173 98 127 184 122 117 149 100 86 121 97 116 73 112 175 185 72 1 138 65 125 38 110 129 188 107 68 94 25 114 153 43 55 164 76 104 13 106 195 92 183 32 31 103 0
83 10 107 93 88 46 12 163 111 34 130 65 155 195 183 151 1 122 133 108 175 0
95 150 114 131 134 92 24 188 94 119 87 180 132 48 46 90 190 166 3 108 82 9 142 100 115 17 84 195 156 147 4 65 28 127 185 59 78 123 184 149 61 53 13 120 154 152 113 58 160 163 72 176 174 182 33 178 117 56 116 91 191 8 10 51 169 143 15 6 157 49 137 68 80 99 55 129 27 144 192 32 155 70 31 54 18 151 177 102 181 83 122 7 111 145 165 60 76 38 196 89 26 97 30 0
172 115 110 102 146 133 2 9 67 96 54 163 76 87 107 137 120 165 16 63 94 194 46 56 177 168 24 189 103 59 119 4 100 135 182 184 10 152 73 1 157 160 86 88 0
183 175 25 184 56 188 177 92 109 112 165 110 166 180 94 87 47 4 5 119 24 134 55 91 35 30 50 138 85 38 139 42 156 133 18 80 152 48 128 66 53 195 83 102 103 116 147 173 26 97 190 181 149 113 86 90 69 169 43 22 182 131 11 36 99 186 46 137 160 196 51 67 78 125 136 40 60 0
71 128 177 59 25 38 163 35 165 47 189 31 191 112 171 62 174 58 147 92 180 96 18 107 142 78 178 82 29 194 42 61 94 50 8 103 39 118 64 48 30 162 117 67 156 173 11 183 157 114 166 187 76 33 15 10 175 121 0
185 98 7 84 127 77 86 163 93 189 13 35 70 157 174 135 150 21 88 160 89 32 170 53 46 18 40 180 42 168 67 196 22 31 141 83 178 24 6 197 133 193 63 109 27 56 114 29 97 72 134 167 118 156 25 96 54 79 166 182 176 164 91 75 191 58 115 59 92 143 3 61 26 23 161 68 122 99 121 126 188 162 102 73 105 1 52 130 49 8 145 33 20 192 66 90 0
142 53 4 128 173 100 68 54 1 88 121 74 86 13 194 111 16 87 80 33 22 177 65 174 30 3 45 6 154 101 113 161 83 158 146 84 144 105 192 28 26 50 55 98 97 11 99 58 8 61 156 163 5 147 23 118 124 37 133 21 164 76 112 95 56 162 64 42 126 18 165 131 138 183 72 130 43 148 168 153 115 93 24 170 166 175 184 17 67 36 134 51 108 40 179 180 122 157 35 59 27 9 143 47 96 172 81 103 79 92 127 129 38 89 32 20 123 78 193 102 149 31 136 73 152 94 0
57 117 183 191 21 179 96 120 80 157 130 99 27 28 85 112 94 74 42 4 9 82 115 172 159 56 187 109 100 154 26 84 135 168 103 52 126 185 123 64 143 36 89 106 93 127 1 119 8 60 37 141 125 47 114 0
27 95 55 85 20 122 4 136 75 184 178 97 32 109 157 186 72 171 128 12 84 102 61 56 92 175 150 74 160 187 87 167 37 62 80 124 49 54 26 145 127 174 158 180 164 58 39 170 188 151 90 19 60 70 47 120 114 162 99 179 81 77 82 154 129 172 117 139 104 152 1 79 16 177 144 130 153 98 67 169 116 3 83 138 161 69 142 34 11 36 131 6 2 193 134 13 78 133 155 8 31 112 143 176 57 73 165 45 43 53 121 28 194 132 101 88 185 23 52 30 89 195 135 103 192 168 196 38 197 10 25 29 66 76 64 35 173 63 93 156 159 163 9 17 108 119 113 191 149 166 123 107 48 7 141 137 183 94 181 51 182 189 50 46 100 110 33 65 5 40 146 125 111 0
143 191 117 66 48 34 37 146 164 145 179 126 75 197 124 62 54 67 169 9 20 160 19 73 40 33 138 21 74 166 173 193 154 83 17 161 187 190 121 22 92 84 90 176 152 182 47 192 70 24 99 39 76 25 181 77 162 110 151 107 194 150 104 178 196 155 177 148 118 101 6 57 186 153 35 5 69 183 106 119 188 32 15 63 103 165 0
162 86 76 176 29 171 187 101 77 174 135 32 136 148 28 22 18 186 152 19 93 26 87 166 34 160 52 145 137 70 197 144 170 108 57 53 54 56 61 38 185 2 67 91 189 196 178 94 172 10 168 125 69 149 141 4 128 40 155 156 73 39 126 83 124 110 181 157 6 113 24 13 112 79 100 58 21 147 20 120 17 195 3 121 169 132 63 180 90 51 133 7 31 127 188 96 82 60 85 15 164 182 9 105 134 92 62 114 130 115 122 36 153 89 11 131 25 43 142 12 167 150 78 129 173 163 98 184 194 59 177 104 49 33 81 146 161 42 151 159 84 45 111 192 102 55 143 64 16 109 158 106 191 37 193 103 116 119 27 74 117 88 97 72 66 68 80 47 75 8 35 65 175 165 118 190 183 139 48 123 179 99 0
94 145 156 108 2 195 123 139 110 178 6 80 187 73 173 10 18 33 76 64 164 5 101 54 8 100 78 176 196 194 83 17 188 96 25 147 82 117 190 16 119 175 170 36 11 48 75 181 99 59 102 179 27 109 124 38 144 91 74 191 160 60 122 166 92 135 52 26 45 65 192 131 177 68 152 62 43 42 158 137 85 149 81 154 53 161 93 168 86 172 111 58 69 87 142 151 153 126 134 57 116 180 104 39 23 193 182 159 3 132 19 29 157 184 183 105 143 138 167 98 30 155 165 37 13 121 150 49 118 24 9 136 12 32 130 20 31 0
23 85 16 38 180 183 142 144 76 181 52 169 109 68 168 138 115 184 73 118 127 8 150 117 135 106 30 187 162 33 157 170 32 28 173 155 188 47 48 58 9 89 26 105 153 3 175 7 164 62 193 0
31 95 102 25 167 163 181 157 190 38 19 94 54 87 126 173 6 189 50 59 27 55 72 147 149 2 184 92 153 57 15 197 37 10 110 30 89 118 78 127 137 18 49 67 0
158 105 19 190 186 12 136 5 121 33 117 42 114 154 93 53 25 15 96 171 109 152 122 72 134 166 133 97 46 107 82 176 165 13 167 112 172 31 125 101 184 32 99 146 100 195 88 139 67 52 76 11 30 179 86 26 92 61 90 75 102 153 83 120 50 84 150 142 161 69 55 155 174 56 20 189 24 80 77 111 0
73 146 135 177 68 179 11 166 1 194 103 138 86 50 137 57 127 4 16 164 191 111 29 90 116 131 143 126 141 30 93 47 147 40 171 96 24 89 3 65 97 45 33 74 189 20 94 61 190 180 173 88 75 91 119 184 63 35 183 154 181 53 67 26 36 158 161 185 79 174 109 188 197 112 101 165 149 81 124 170 114 159 152 6 17 72 34 120 42 118 144 148 167 10 18 157 48 99 129 130 186 13 64 160 113 28 31 133 176 98 60 66 83 162 156 169 142 80 49 70 69 19 115 168 7 38 15 104 172 56 121 155 150 134 178 12 117 175 136 102 39 0
32 66 78 110 72 80 100 141 119 60 34 174 65 43 31 132 101 107 98 122 12 69 48 177 68 137 126 42 75 166 134 104 58 127 84 33 184 185 46 150 74 116 25 91 83 190 147 197 156 49 169 26 11 163 176 183 144 103 108 114 51 76 145 85 16 82 10 89 123 53 40 64 170 121 142 131 6 125 38 63 192 196 167 37 94 151 24 155 52 148 178 186 161 77 168 36 1 173 149 96 47 19 113 29 152 154 179 5 111 87 139 182 112 171 17 153 188 124 9 130 165 189 135 45 13 97 61 175 172 23 105 55 50 27 62 15 86 35 79 162 102 187 193 118 180 21 157 20 57 133 0
90 104 106 25 42 31 72 8 35 159 153 9 172 88 126 155 102 182 38 167 180 57 129 60 70 32 33 101 158 54 76 145 67 133 29 194 131 119 173 116 58 61 47 110 6 154 175 186 89 108 143 166 30 69 51 12 156 118 196 7 94 28 43 66 163 181 183 59 142 152 125 117 5 190 135 85 13 15 34 179 26 162 128 178 100 68 92 189 114 148 2 157 107 138 188 146 53 46 11 63 49 132 105 17 81 64 134 19 127 10 99 75 91 77 23 187 112 195 141 24 120 123 130 83 168 151 174 79 56 177 87 52 185 197 139 48 93 115 121 97 144 96 45 82 39 86 74 16 95 80 164 160 161 84 122 98 124 136 191 149 18 150 1 192 40 171 176 137 21 169 36 37 65 103 3 4 170 20 27 111 50 109 0
185 73 136 176 156 112 93 100 20 110 92 129 48 3 126 80 178 163 18 120 72 33 39 171 181 121 64 135 139 87 174 125 60 150 10 52 99 5 179 194 137 177 197 61 81 115 148 180 58 169 12 186 50 45 40 119 55 102 23 105 4 108 24 151 76 155 167 8 195 132 84 34 53 182 170 57 175 160 79 183 86 143 30 173 168 78 109 27 117 127 111 123 189 26 196 184 59 25 116 22 43 77 187 134 51 145 113 21 97 103 85 141 165 193 101 159 9 32 138 96 158 83 28 31 144 67 133 7 1 98 65 75 149 42 153 70 69 15 90 54 142 63 68 29 2 131 106 166 128 118 124 190 6 62 104 164 191 172 0
121 123 15 174 17 7 197 12 81 30 63 196 92 32 69 76 119 50 22 94 62 149 70 21 52 125 83 114 161 77 55 141 2 1 82 59 124 105 9 28 96 176 37 10 100 20 87 39 160 180 99 170 164 188 49 31 80 171 45 54 101 108 195 115 173 106 135 25 162 169 4 110 48 75 127 151 182 158 51 186 78 29 53 43 185 89 183 13 91 57 150 16 97 165 64 23 42 179 167 86 156 6 177 79 172 109 193 187 60 143 189 184 26 103 47 155 168 95 181 11 131 38 128 40 72 166 126 139 58 190 134 144 24 5 147 154 178 153 129 66 133 8 68 35 175 112 157 56 192 73 65 136 27 46 145 3 84 104 159 88 163 85 191 61 138 34 67 107 137 146 18 33 113 142 98 90 111 93 152 36 19 130 116 0
109 173 77 126 9 191 1 172 129 60 119 93 74 157 58 188 149 195 147 125 95 68 117 40 134 82 155 104 25 8 99 193 29 17 145 133 123 11 10 20 42 51 170 59 163 75 107 131 159 35 186 15 65 164 102 92 115 46 73 171 76 83 158 141 124 135 194 187 61 6 64 85 47 24 63 150 91 34 81 166 143 106 197 103 114 13 30 127 96 190 148 183 55 72 156 176 56 108 32 66 167 5 23 178 86 7 69 192 67 79 152 45 180 94 26 27 165 174 101 122 175 120 138 37 3 98 139 33 144 137 19 182 49 90 39 179 48 151 162 153 160 36 28 100 0
131 156 147 47 164 96 110 19 136 163 60 64 95 193 154 137 68 37 26 91 115 160 33 139 46 11 61 80 22 138 189 20 177 99 132 173 55 34 31 176 104 81 188 86 178 143 158 42 111 74 21 195 0
196 18 47 197 158 139 175 195 5 135 54 113 53 146 121 149 19 13 159 90 141 193 40 164 1 194 6 192 168 89 69 0
163 129 3 101 11 27 90 47 128 141 168 103 89 95 104 180 125 99 4 194 8 69 84 110 151 58 145 74 155 179 132 121 162 108 135 12 120 94 175 88 28 126 137 159 68 197 79 174 40 122 123 70 20 170 178 16 18 165 76 183 50 43 158 161 146 39 56 173 17 10 133 25 105 31 166 85 111 144 92 54 115 38 75 184 35 102 6 139 156 191 172 46 55 82 188 149 9 171 63 19 29 64 127 190 37 86 148 116 134 114 153 1 30 106 78 32 112 119 100 62 81 177 49 36 15 181 34 13 67 164 77 131 59 66 142 51 152 83 169 138 187 109 87 21 97 176 57 93 60 130 136 0
75 147 49 145 97 94 197 93 33 39 143 165 126 125 25 108 2 27 23 34 168 164 45 8 70 177 92 128 170 132 56 58 21 109 127 119 55 88 16 11 196 155 54 36 118 32 105 174 79 114 113 107 151 84 186 184 47 81 60 116 188 50 74 29 77 157 52 141 83 191 24 192 51 37 154 195 156 91 124 115 22 169 130 28 42 95 18 159 189 82 17 185 62 134 67 3 85 121 146 194 57 166 183 162 180 96 12 103 65 98 26 167 133 73 38 150 131 136 148 80 64 63 13 30 5 43 122 152 190 76 181 0
165 96 49 186 45 189 30 120 5 159 102 164 163 132 1 138 113 100 135 154 64 86 143 79 119 171 87 196 42 139 193 57 75 167 125 146 40 82 168 152 11 18 32 73 153 62 106 97 26 46 142 66 12 91 158 145 43 31 177 116 126 149 155 172 190 191 92 90 103 182 68 188 10 197 161 80 37 15 23 34 174 51 109 123 160 127 112 117 6 59 187 180 72 131 19 99 183 56 52 130 104 95 83 89 192 50 136 63 2 85 129 184 170 70 134 93 20 53 54 105 9 110 169 48 39 67 111 118 107 47 114 69 162 178 0
55 121 70 39 26 186 150 156 147 76 101 179 195 173 29 104 82 87 8 69 137 97 92 20 89 166 81 165 10 155 149 142 65 95 74 181 180 4 125 120 194 110 67 139 161 2 123 30 119 78 32 49 112 46 6 190 84 160 19 178 59 116 11 131 0
130 81 78 83 174 126 57 18 82 24 122 176 153 111 54 7 114 91 58 133 116 131 25 148 132 60 4 112 134 175 125 45 119 142 53 193 105 8 85 166 150 10 151 69 158 3 163 170 120 161 186 23 101 118 33 196 183 129 47 36 117 50 87 64 30 17 135 32 192 194 147 185 172 16 28 98 76 27 56 182 180 12 74 95 13 15 103 138 22 128 100 152 52 92 155 72 168 97 102 89 124 88 66 167 178 39 121 40 108 75 51 184 149 70 144 136 68 107 9 94 160 159 37 146 26 0
52 9 47 195 89 155 148 40 6 137 172 142 189 163 77 182 175 43 184 79 106 158 166 131 88 129 84 117 99 65 21 39 165 176 51 179 92 97 132 56 27 135 161 118 18 186 30 25 10 152 154 63 38 35 36 55 164 80 48 64 103 5 105 96 82 2 116 141 190 13 111 133 180 168 60 33 126 45 73 138 122 108 144 191 8 125 16 145 90 124 101 74 113 75 109 91 54 78 167 85 169 178 72 24 98 1 66 95 193 7 93 115 4 83 3 81 151 127 160 170 15 192 104 11 76 188 57 123 120 185 22 183 94 146 100 119 197 29 110 59 68 61 187 107 62 53 194 139 114 17 102 86 159 174 153 134 50 130 0
73 164 91 78 113 105 48 178 130 28 22 100 19 156 155 0
15 25 67 161 51 105 192 103 62 180 146 127 74 141 22 176 159 48 73 17 23 83 110 136 45 169 193 49 133 6 114 66 173 191 64 18 0
143 3 119 115 56 168 142 96 141 70 13 29 114 94 165 118 95 61 190 155 175 15 45 78 184 20 5 74 192 97 103 171 136 130 4 69 16 2 185 52 122 23 19 104 84 28 85 189 93 60 132 167 193 120 33 7 153 59 151 138 40 147 180 125 188 106 178 112 123 34 24 12 31 148 144 127 43 67 105 64 146 145 11 21 182 111 0
6 90 31 132 45 49 162 180 85 185 191 176 54 2 113 62 28 124 183 103 29 161 155 24 34 152 96 125 60 134 177 171 133 112 108 1 131 70 81 40 101 136 107 127 149 121 10 78 63 38 165 117 148 115 51 104 74 164 94 91 195 23 100 145 7 169 52 77 111 59 159 97 170 3 92 146 167 16 168 95 142 75 196 184 33 197 122 17 128 65 120 119 106 154 174 27 72 84 173 153 58 175 126 12 43 37 98 163 187 139 129 172 166 158 76 93 157 57 30 143 116 35 150 46 22 118 110 80 67 79 32 130 11 53 26 194 42 86 48 151 192 68 141 114 188 18 13 69 193 181 105 147 8 66 189 138 83 15 190 156 5 56 39 182 0
38 7 191 172 137 147 25 178 89 141 161 107 82 31 69 24 186 148 115 91 138 103 63 86 183 16 87 13 75 73 64 34 168 102 1 132 122 65 78 96 62 123 169 32 45 94 143 196 177 104 40 98 10 53 30 92 48 56 95 114 127 142 159 52 195 139 158 21 8 155 100 66 184 166 106 46 4 193 70 170 154 43 90 110 15 74 129 118 97 150 188 108 80 185 128 58 57 60 136 17 6 12 77 49 59 29 116 39 180 156 42 105 79 23 61 37 133 189 76 151 11 27 81 190 28 88 165 99 18 162 176 72 111 171 5 83 3 19 194 112 101 134 119 51 174 120 26 135 130 36 153 0
119 1 180 81 114 75 49 47 35 22 144 179 4 80 196 108 23 91 48 67 186 143 55 98 124 7 61 102 147 29 26 139 118 173 9 58 11 60 169 101 62 190 5 160 164 65 25 107 12 116 72 38 19 194 103 181 163 73 141 56 145 69 189 16 30 121 84 150 24 175 158 113 8 13 63 126 31 112 174 78 10 135 155 0
68 56 121 146 118 32 85 193 169 145 74 22 18 25 142 108 16 184 43 135 187 50 148 131 174 158 98 47 155 66 113 167 137 190 92 29 20 46 136 72 179 99 28 57 86 181 34 8 143 19 38 186 175 60 15 5 129 69 39 160 81 197 96 150 36 59 84 61 0
100 70 165 110 58 168 51 169 105 60 146 107 23 122 52 125 150 113 20 29 13 164 74 30 2 142 79 88 155 1 37 108 49 144 116 111 178 65 138 5 152 27 53 55 175 179 84 98 7 151 16 139 103 6 109 54 197 180 186 170 17 188 117 195 137 87 61 153 11 76 81 124 22 147 89 91 31 187 121 185 119 128 143 182 149 191 26 18 63 102 181 112 10 85 141 157 0
136 11 49 68 97 13 64 130 149 186 48 117 75 33 165 80 39 155 196 189 144 162 159 161 74 138 31 51 38 94 178 23 2 169 164 137 143 109 115 126 46 40 134 185 60 50 151 15 121 191 87 113 122 170 29 45 42 195 22 96 114 84 53 175 153 119 70 132 127 131 174 116 72 65 181 197 20 150 167 88 35 107 5 128 173 156 192 120 1 61 152 90 141 76 146 34 190 187 93 112 182 54 67 78 21 30 135 158 56 17 43 180 129 101 133 7 183 58 171 91 104 6 179 3 4 147 47 105 19 102 59 28 10 52 24 37 111 145 188 57 36 194 193 25 81 154 124 168 8 9 32 73 108 110 142 163 66 176 92 177 139 18 77 85 99 125 95 103 82 157 16 12 172 100 69 184 27 79 118 123 86 0
4 99 161 95 92 195 120 87 10 67 107 164 56 50 32 15 1 60 176 133 183 138 160 126 89 28 187 64 148 117 43 37 58 47 42 18 122 190 149 186 12 127 116 145 90 143 26 191 85 96 144 21 188 27 65 98 108 124 62 101 38 36 17 46 66 57 137 29 25 115 132 54 181 23 88 119 48 169 84 7 173 24 134 79 123 53 83 0
196 129 1 73 132 23 191 76 105 149 26 183 119 83 184 99 86 111 43 70 2 39 172 77 176 130 97 54 28 164 118 13 47 16 32 135 62 101 85 166 65 53 109 5 52 127 63 67 193 89 18 145 121 165 59 167 49 169 96 24 168 25 94 91 17 33 141 192 45 104 42 116 102 6 117 10 56 156 143 154 34 162 46 51 11 112 0
79 132 20 13 19 153 34 65 161 25 54 192 128 36 51 108 145 15 62 3 122 179 146 157 107 181 127 58 101 142 185 56 152 115 73 53 6 175 124 72 184 11 111 172 176 178 47 78 156 116 102 35 110 74 100 149 162 43 190 170 191 96 169 137 118 123 45 197 75 103 87 150 76 125 92 165 49 7 23 173 59 194 186 21 64 70 163 2 80 60 61 33 136 86 131 83 97 119 193 84 104 88 109 37 135 148 106 143 5 130 160 12 0
22 150 192 116 43 54 73 52 149 132 23 143 72 155 88 2 161 126 164 118 18 124 194 119 156 176 154 35 121 153 33 42 53 92 36 170 115 95 57 93 40 125 180 80 127 16 84 130 38 0
73 190 137 115 188 170 37 82 74 121 182 80 101 169 129 184 20 104 194 186 56 109 153 5 160 32 46 175 149 58 89 116 139 105 57 147 168 50 120 18 134 155 123 65 52 135 49 86 11 66 154 196 83 84 176 13 159 108 162 67 4 171 88 62 130 60 35 166 96 40 93 174 31 90 106 189 191 19 64 165 77 99 76 75 69 173 145 124 36 72 179 15 148 164 187 70 100 128 192 113 193 7 33 136 131 43 47 87 61 151 103 152 157 63 132 8 53 10 142 81 141 110 177 94 16 126 23 197 125 26 3 95 183 167 68 161 92 42 28 127 54 181 117 112 55 143 144 107 79 118 17 21 156 38 163 91 122 158 172 22 6 97 51 195 114 45 111 30 178 150 25 34 24 133 9 102 119 2 0
9 77 150 141 161 131 56 177 171 10 142 69 167 175 118 78 75 81 53 183 153 66 136 135 25 104 12 128 2 178 42 6 111 8 76 149 7 32 74 137 92 58 130 157 154 138 30 40 5 179 124 123 133 169 97 83 134 101 144 15 47 106 102 112 22 117 152 148 197 182 3 84 13 192 113 172 184 109 4 119 1 79 143 120 164 129 46 87 21 196 139 82 185 59 17 67 34 115 45 156 162 72 20 57 110 68 147 88 194 159 26 35 195 127 90 37 180 33 18 63 94 170 39 166 38 103 132 187 60 188 98 16 125 186 174 65 0
7 13 20 76 50 11 114 35 107 118 97 153 185 188 171 59 27 109 132 104 175 4 121 30 51 158 178 38 69 115 99 191 135 64 61 184 79 89 156 6 22 2 73 24 196 103 129 8 123 28 48 39 164 66 94 144 193 5 75 19 87 21 177 49 180 37 67 163 86 133 120 65 186 92 150 10 34 187 143 168 128 194 165 29 130 68 134 127 72 113 110 105 82 40 33 142 117 169 83 146 18 136 131 173 42 52 197 192 84 152 108 46 182 32 25 12 181 176 157 170 100 98 174 160 88 80 148 43 45 77 95 149 54 53 166 55 155 62 137 112 3 195 119 58 162 60 101 31 74 70 126 17 78 190 56 138 122 167 147 9 85 141 15 102 96 124 183 63 47 57 0
143 100 136 131 189 55 119 124 31 148 84 102 197 181 182 12 153 194 87 33 68 170 109 36 17 77 108 173 127 120 113 76 158 150 166 144 32 57 93 126 61 99 39 3 45 122 46 30 52 121 149 162 179 135 123 1 66 82 103 4 83 86 96 43 8 47 35 16 178 56 133 49 98 72 74 110 165 129 26 65 128 195 104 15 60 139 11 5 79 53 115 152 22 117 7 154 42 29 21 188 73 88 38 107 34 20 63 51 2 9 160 191 23 85 155 112 91 185 163 37 59 95 24 89 174 145 146 175 157 25 90 171 105 142 6 132 80 176 67 177 183 114 164 54 94 106 125 28 169 10 13 75 130 78 184 151 92 81 147 18 168 40 193 101 97 186 167 116 196 172 62 69 48 180 58 64 27 156 50 111 19 141 161 192 137 70 190 138 187 134 0
85 60 53 172 174 137 62 188 128 50 56 176 58 168 76 42 1 84 138 136 103 57 82 132 185 167 17 80 49 40 116 74 189 24 28 21 34 102 87 130 64 36 113 118 4 181 39 178 37 150 38 107 90 117 70 114 166 15 29 125 134 99 121 26 13 59 158 193 119 135 8 78 19 161 66 177 169 63 81 48 122 124 156 157 20 86 149 47 16 152 5 180 109 123 110 11 88 195 175 115 105 106 54 67 127 194 191 145 92 104 61 95 142 51 46 146 3 89 160 75 27 147 9 6 112 171 129 32 94 153 163 97 91 164 52 33 190 25 162 143 98 83 151 144 12 186 192 196 96 73 68 197 173 69 141 131 183 30 2 170 0
30 131 166 145 101 5 70 82 112 165 117 154 23 160 10 56 48 173 106 38 58 91 127 122 15 187 6 128 8 59 115 144 1 55 65 169 177 195 181 39 84 18 19 47 24 157 66 0
48 127 67 42 102 81 40 70 28 31 95 88 104 33 114 176 180 23 139 111 150 22 86 57 120 7 73 60 82 158 4 124 91 1 142 191 12 43 148 186 149 76 51 21 182 56 13 195 5 0
141 144 128 50 65 179 22 122 176 136 38 186 17 124 80 29 78 60 114 148 27 10 154 85 89 183 197 192 181 67 159 157 1 21 108 146 82 138 139 25 52 137 111 20 195 46 75 56 123 109 125 135 33 168 53 153 48 118 117 8 4 62 88 86 131 31 61 34 164 94 45 180 161 11 158 93 0
157 11 160 124 69 34 52 93 105 145 161 180 151 146 99 182 13 5 17 132 24 12 97 20 111 92 43 102 90 6 148 143 65 30 179 60 168 149 187 45 195 191 162 73 87 80 3 176 22 36 174 144 119 142 62 4 33 169 103 127 42 76 178 120 55 7 59 167 165 133 0
126 143 155 146 19 20 35 100 114 168 42 98 5 96 192 102 4 1 196 68 46 176 87 185 137 133 21 115 31 163 156 107 189 74 27 195 91 147 86 103 159 119 177 135 110 61 167 138 144 22 43 76 169 148 95 84 82 29 128 145 25 132 127 10 37 64 79 123 124 2 40 88 161 121 162 73 62 142 166 99 3 190 32 15 194 70 63 131 48 165 59 184 141 186 188 45 134 72 13 109 172 6 178 58 69 139 180 158 23 94 39 12 101 80 90 93 183 75 33 160 56 111 28 55 0
159 12 95 59 138 104 20 197 176 107 32 1 169 120 146 78 183 156 89 151 73 149 143 100 165 97 162 74 194 121 192 7 8 60 152 172 170 83 29 3 178 23 191 111 50 11 131 80 171 181 38 37 70 184 163 126 13 153 129 96 124 137 185 48 85 175 114 86 46 93 47 136 108 119 64 55 186 88 36 52 174 24 4 61 54 33 65 160 42 43 116 0
76 91 24 99 141 63 144 197 54 83 184 130 102 9 8 135 110 3 133 118 142 109 172 72 162 191 88 150 95 131 55 1 187 27 45 98 155 30 179 129 183 100 0
5 6 106 97 113 187 123 67 30 20 50 149 194 28 2 117 86 109 193 124 88 190 103 45 133 95 186 94 171 132 21 137 158 111 24 4 90 175 16 57 178 8 25 197 70 3 63 114 10 12 167 148 165 40 169 66 93 13 129 195 23 38 116 121 157 166 84 49 125 79 78 112 29 177 159 55 58 101 107 33 81 43 160 122 59 143 141 168 60 35 130 120 76 92 53 185 147 161 156 191 135 9 131 0
139 40 155 42 63 8 53 46 107 156 5 19 94 108 118 37 43 183 138 90 55 109 111 145 117 12 131 28 7 47 23 86 65 161 146 36 196 121 163 170 34 22 17 154 67 102 188 26 119 80 173 135 192 147 120 104 194 76 16 174 78 58 91 125 122 25 101 83 164 61 133 165 82 96 2 195 24 167 60 151 99 62 3 0
171 112 97 83 142 5 40 72 51 90 165 109 193 73 32 19 103 130 154 11 22 196 66 17 136 121 108 138 54 86 134 36 75 62 37 194 166 158 176 33 148 192 186 131 95 35 34 26 24 57 195 76 116 153 144 127 143 81 175 23 6 149 8 42 29 115 60 21 152 163 187 145 78 146 91 139 147 28 183 177 63 0
111 195 120 11 112 35 70 123 81 63 78 4 148 79 94 49 28 10 98 91 176 169 88 73 143 196 154 97 147 13 26 45 5 192 193 17 155 132 65 48 170 101 34 163 84 51 36 59 165 168 184 139 150 190 189 0
10 174 29 178 154 167 150 185 136 62 21 158 37 106 133 159 33 144 81 40 160 177 0
2 177 150 98 61 46 15 28 181 162 138 195 106 76 116 166 77 161 101 57 81 12 10 37 126 190 139 60 165 51 47 80 164 8 4 134 70 115 175 96 123 184 110 178 179 196 24 149 167 152 131 36 90 194 156 69 130 172 83 186 42 182 72 18 59 160 128 53 84 85 148 32 107 136 102 180 40 135 191 75 39 89 171 143 174 112 29 93 50 158 74 56 157 30 49 188 16 132 151 88 122 108 23 141 125 43 127 25 185 66 48 176 86 114 0
56 89 31 30 96 171 10 3 8 135 108 78 166 86 123 188 84 47 64 165 120 182 168 169 154 183 48 115 60 20 82 88 76 99 191 23 2 19 149 185 22 139 150 42 189 21 52 124 28 125 153 101 85 178 146 157 162 138 75 186 58 176 79 173 95 46 91 93 107 59 27 148 87 43 37 61 130 167 137 133 131 32 1 194 29 175 180 11 83 63 38 102 151 100 111 65 116 57 160 68 155 62 193 69 147 141 126 45 196 5 66 127 105 13 98 18 136 72 172 142 113 70 24 134 143 25 197 132 119 12 195 129 170 39 156 67 181 117 81 158 26 51 50 4 187 104 36 9 80 94 0
108 74 161 184 35 171 192 13 26 162 42 167 51 16 20 10 145 112 79 174 66 59 170 103 125 154 70 189 134 21 119 78 130 142 181 47 83 53 126 3 38 6 127 8 156 193 72 120 84 73 197 178 50 5 106 111 11 151 164 63 149 150 116 122 54 17 165 159 33 77 58 175 56 48 36 153 173 2 23 39 62 115 131 89 180 102 85 147 12 37 157 160 138 52 7 55 82 146 61 136 177 135 15 179 158 188 196 182 121 128 143 22 75 81 195 27 98 114 187 80 24 32 68 139 148 97 110 166 91 43 46 19 137 101 190 9 45 176 92 124 100 183 105 49 25 144 95 169 34 118 194 172 67 104 132 163 76 31 141 87 185 129 168 65 123 4 40 90 86 30 57 88 64 29 191 186 69 155 113 117 133 99 94 0
194 151 121 175 30 117 75 133 50 104 67 118 91 13 16 54 109 114 115 120 86 116 27 167 134 191 110 154 20 148 106 76 157 81 93 124 11 149 105 107 153 158 131 125 166 46 6 79 111 178 37 65 172 139 36 196 176 64 136 4 99 169 62 119 132 24 42 145 18 17 92 90 97 138 129 70 150 72 19 25 142 180 80 26 137 183 31 3 53 52 32 101 56 126 152 112 177 170 146 95 181 60 187 88 195 8 184 127 43 164 165 130 103 122 193 123 9 61 29 51 188 0
134 22 48 20 73 16 189 178 17 57 143 97 58 28 24 64 34 26 196 95 175 111 78 105 139 40 43 77 47 125 55 167 99 96 107 123 66 188 151 185 127 113 122 170 68 81 186 98 9 75 13 10 135 172 161 3 194 56 119 174 37 102 162 38 150 176 169 137 79 177 72 191 157 7 181 193 148 62 115 86 155 104 128 21 65 82 192 103 52 33 45 171 173 160 67 74 53 190 29 80 89 146 126 116 4 136 51 168 39 101 124 153 138 144 18 142 121 1 60 166 158 61 93 117 90 36 88 5 23 6 8 152 114 76 182 197 183 145 120 131 59 133 92 94 19 63 110 83 154 108 85 46 69 0
184 53 57 180 55 10 134 170 195 132 40 38 59 75 147 33 171 189 36 126 102 186 69 51 112 188 128 50 120 106 144 84 72 141 93 63 168 25 176 143 86 70 15 65 2 7 42 154 193 152 58 169 46 159 66 8 150 130 43 116 151 131 90 121 194 178 3 82 177 167 30 161 27 139 87 162 156 135 24 29 76 181 123 4 16 62 127 77 115 191 165 179 81 101 105 22 133 11 160 155 136 80 146 100 125 19 108 109 17 89 12 129 64 5 28 79 153 157 78 61 145 142 92 20 114 49 164 34 32 9 174 197 110 60 124 113 173 74 73 85 196 94 95 187 182 163 172 97 0
105 18 26 113 29 80 79 164 57 173 22 16 136 132 120 129 17 163 108 0
22 7 55 25 161 33 166 73 52 179 106 75 63 190 46 165 62 103 164 168 40 154 134 94 139 79 121 20 47 167 178 148 150 83 143 10 43 151 85 149 147 84 6 145 181 70 111 119 107 129 88 35 104 172 97 80 64 192 74 13 193 160 37 59 131 133 66 29 176 53 9 86 169 182 2 144 105 132 49 50 117 24 19 21 109 185 72 77 115 60 175 100 90 126 18 31 188 28 92 38 120 45 130 51 170 135 146 81 57 99 125 0
156 12 88 136 113 101 10 76 173 92 58 187 102 139 148 80 64 84 96 98 165 163 189 22 143 15 6 132 79 191 141 74 91 188 155 133 69 190 114 115 179 78 54 134 89 48 174 103 106 166 186 137 170 21 150 149 182 176 125 126 95 19 157 128 5 196 40 42 127 147 119 167 43 180 181 51 39 104 108 57 0
28 84 77 150 23 178 64 189 66 50 101 58 62 158 168 153 196 24 36 46 59 133 0
92 114 156 129 93 120 73 55 53 33 99 35 39 21 38 12 74 56 194 104 132 169 160 80 68 167 1 175 173 91 81 183 94 36 179 43 130 137 108 165 78 153 59 34 122 139 69 60 148 162 158 178 103 180 177 20 24 57 86 170 2 48 166 134 10 126 64 127 88 37 187 8 19 119 106 11 46 22 152 189 186 117 110 66 174 63 112 155 82 151 182 176 6 9 181 61 0
112 110 152 122 28 168 127 179 8 40 31 123 108 121 138 60 64 171 61 6 54 100 153 80 111 48 197 135 88 18 105 116 129 167 136 194 86 174 156 95 85 173 7 50 190 107 161 160 77 163 79 144 159 63 109 25 16 24 106 52 92 130 62 165 32 96 66 189 27 29 39 175 17 68 19 45 51 43 97 98 0
156 141 107 21 145 27 81 10 54 97 7 47 137 120 1 187 56 131 186 67 62 51 101 157 152 59 39 102 113 37 130 88 11 160 174 99 181 42 98 38 193 190 33 77 87 26 2 55 169 12 65 16 8 6 154 92 143 124 117 165 116 29 60 142 162 57 189 125 122 168 34 158 49 106 133 75 171 195 159 153 46 43 19 166 185 25 64 68 136 112 161 20 73 147 66 69 170 182 111 78 22 52 61 31 197 115 110 63 50 118 129 84 163 17 80 15 0
10 101 51 130 178 63 105 151 5 195 122 103 194 37 96 49 36 121 67 30 74 179 154 106 20 192 169 86 7 180 12 183 97 83 158 196 132 152 135 142 193 77 89 159 181 171 174 48 127 46 85 150 113 92 53 32 166 102 156 78 25 100 52 172 11 146 112 168 23 129 185 148 110 54 136 69 187 116 3 68 18 104 141 87 189 114 16 91 99 167 64 160 45 170 161 33 8 191 39 84 73 137 50 176 190 43 128 19 144 95 157 131 119 58 108 38 27 79 56 111 117 188 22 6 1 21 13 93 124 134 24 9 123 90 125 126 2 184 165 147 55 66 118 60 182 4 47 155 28 107 162 175 133 29 115 81 138 82 72 149 98 197 173 59 65 109 62 76 80 94 143 57 15 61 35 17 153 42 139 186 26 70 177 145 75 163 164 88 34 40 0
82 25 47 173 15 70 162 133 169 191 132 165 94 74 125 80 155 3 18 130 78 187 81 19 6 107 57 50 176 166 43 34 121 88 56 197 42 46 84 137 167 136 123 152 116 117 184 90 96 124 178 114 153 190 100 103 61 134 28 69 108 183 53 118 119 188 9 147 27 182 99 139 105 141 51 185 26 127 196 85 175 164 65 1 87 13 110 97 179 20 16 59 156 102 79 83 92 111 186 146 157 151 75 23 12 98 37 21 66 58 31 168 93 109 144 48 135 160 171 22 193 148 113 126 72 39 2 189 10 195 194 7 54 32 149 49 40 161 62 11 104 91 101 163 115 35 106 55 30 86 131 174 45 17 77 52 128 122 143 73 154 172 60 24 76 68 63 180 29 89 181 120 150 95 142 33 192 112 67 36 138 129 4 5 159 8 64 145 0
80 132 171 123 162 102 161 180 74 144 19 23 53 142 105 130 159 182 47 17 77 193 150 146 160 12 87 54 79 143 1 172 38 34 27 136 173 92 66 158 138 137 154 189 65 78 11 60 197 57 141 97 29 69 187 128 101 147 177 117 45 75 67 121 59 185 186 73 116 88 70 169 120 68 6 184 26 4 89 176 86 10 58 35 127 112 129 20 40 194 94 64 191 168 118 96 51 174 166 170 103 8 192 122 108 106 85 52 93 98 84 62 196 104 48 18 91 175 124 149 33 15 7 167 83 179 157 13 63 56 114 163 82 131 55 25 115 31 188 72 0
66 117 31 147 95 164 195 72 16 143 77 76 100 165 126 182 171 85 102 8 130 107 193 1 46 173 112 81 159 82 15 183 36 178 3 135 166 92 51 120 174 129 86 35 58 187 45 83 24 48 22 134 30 124 7 150 84 170 157 70 137 160 142 53 57 65 180 32 101 177 131 152 68 99 55 37 184 153 172 123 146 64 93 13 109 21 115 25 90 148 20 141 78 33 39 34 73 162 156 98 110 185 18 61 96 132 29 23 67 74 89 145 62 38 196 19 151 111 119 88 59 69 4 192 176 97 80 139 189 9 10 175 167 114 6 188 104 94 155 42 121 17 186 47 190 5 11 27 52 103 50 79 60 149 87 26 56 138 161 75 128 191 125 118 158 2 127 116 91 163 105 136 0
180 25 45 158 171 69 173 106 65 79 100 47 188 93 12 184 43 34 182 7 145 19 28 64 52 109 51 170 54 9 5 18 115 2 16 176 13 153 39 172 105 114 96 90 120 129 66 163 132 177 38 183 124 31 146 125 175 136 74 8 97 150 86 92 134 130 15 3 104 196 111 121 1 6 58 147 27 67 187 168 186 82 63 127 48 10 84 17 46 49 94 107 88 154 139 103 72 98 37 116 26 113 33 20 50 77 68 108 126 174 169 42 102 195 193 156 0
137 120 6 126 16 123 88 49 107 127 74 48 63 43 53 93 36 9 98 11 61 5 142 58 155 90 197 82 89 95 132 179 69 196 104 153 19 78 39 157 111 80 154 77 24 138 25 7 13 169 73 108 122 135 115 85 124 109 22 42 178 28 65 194 139 144 15 171 192 23 118 143 103 167 17 97 66 183 175 114 50 57 96 21 172 10 119 166 30 33 147 59 185 134 47 84 70 159 100 34 91 20 26 121 3 46 186 133 105 164 180 165 156 62 129 130 51 38 56 136 101 193 187 112 37 94 125 0
164 94 3 190 188 184 124 195 58 157 68 144 91 107 60 149 136 35 63 166 109 20 150 7 163 191 129 196 158 138 83 90 152 187 176 51 92 161 197 13 49 131 155 74 89 84 10 69 73 111 42 56 189 50 175 72 43 80 5 120 19 30 23 95 38 116 106 112 174 96 108 159 31 2 130 36 172 26 145 181 87 105 4 77 162 160 29 46 117 104 180 9 37 146 173 186 141 16 168 182 102 147 70 53 151 165 24 0
89 179 78 62 114 20 48 170 122 66 68 67 137 46 16 13 58 84 10 59 157 19 65 159 169 6 196 141 177 162 32 11 111 9 52 113 132 28 149 23 133 175 85 55 24 3 30 98 97 120 49 56 121 154 33 99 189 96 118 50 144 191 94 37 156 117 86 180 197 150 27 115 47 176 125 54 93 26 183 110 73 80 171 127 77 83 105 53 90 116 75 165 187 61 29 40 17 106 195 38 64 147 1 45 161 152 31 166 7 182 129 43 69 130 134 74 82 146 25 151 128 104 60 119 172 181 174 145 109 193 136 124 87 194 185 51 21 139 91 8 34 101 92 57 42 173 143 188 138 100 123 135 184 81 192 153 148 70 22 164 107 163 39 102 167 2 76 12 108 72 190 142 4 112 88 126 18 63 0
90 92 166 98 127 18 34 80 19 149 193 197 131 8 154 38 25 97 53 195 142 31 13 101 85 45 135 118 76 111 192 157 182 179 46 187 134 129 171 47 109 93 23 104 172 181 126 143 189 158 124 107 156 43 130 164 169 174 54 173 59 83 69 165 145 5 137 138 32 48 95 51 62 128 28 103 26 12 10 141 125 190 162 191 105 102 123 78 16 27 116 57 2 17 22 108 36 30 9 65 114 188 110 194 55 196 180 42 153 146 66 50 72 132 73 150 24 136 96 11 52 3 37 40 112 115 0
175 66 86 54 178 97 111 105 121 116 72 174 80 21 173 78 46 139 70 67 28 87 145 138 23 103 102 124 69 6 13 53 15 196 164 115 2 64 137 94 59 118 160 141 122 65 166 142 123 3 176 29 82 109 90 183 190 51 151 100 98 186 56 22 95 177 162 134 147 77 187 85 112 33 185 179 47 169 17 136 126 40 7 119 150 63 39 155 153 73 135 20 132 104 131 52 4 152 154 27 79 48 189 158 55 92 93 32 1 133 88 58 113 144 117 114 19 159 26 89 60 192 57 99 91 10 108 18 127 172 62 156 61 125 34 25 8 120 9 38 30 24 171 35 191 5 0
66 171 85 76 52 91 64 114 62 67 101 9 109 51 168 193 88 134 150 84 192 92 162 164 87 36 19 95 43 161 118 21 26 121 99 13 179 138 75 115 70 197 169 98 103 154 10 105 116 34 50 90 156 58 47 139 86 100 184 82 126 117 20 5 4 69 127 42 142 6 2 130 166 111 173 170 181 182 145 102 38 119 3 17 180 165 77 176 107 78 97 68 196 83 16 0
160 73 76 115 186 61 155 164 156 144 20 25 37 197 11 75 8 34 104 147 141 171 51 86 36 177 167 56 154 18 129 17 70 47 192 68 190 119 57 191 163 39 180 88 181 101 105 63 99 150 195 132 182 60 175 1 92 121 108 62 98 40 22 84 107 46 130 93 145 32 10 85 110 103 168 188 139 78 135 162 133 66 113 65 143 142 35 90 2 159 120 72 31 0
73 125 86 137 21 77 143 48 151 182 75 170 37 53 42 92 32 5 159 76 132 24 152 195 72 139 138 69 10 126 187 65 136 79 145 59 35 119 94 122 33 54 153 58 13 89 101 27 133 194 166 22 188 123 157 196 156 147 67 190 43 130 179 18 103 111 2 160 168 23 91 45 141 171 191 178 78 112 164 7 6 12 85 50 150 26 68 49 47 63 120 57 197 154 19 105 38 83 66 121 84 177 193 129 181 102 161 20 16 109 162 169 149 106 56 80 88 148 158 46 131 110 1 93 144 36 17 97 114 186 51 61 163 124 175 64 116 30 9 95 60 107 115 142 180 104 146 87 34 3 189 81 99 4 183 96 172 62 192 185 55 113 8 40 98 118 70 167 165 155 90 11 173 29 117 128 108 28 39 176 127 52 134 74 0
169 77 7 28 151 106 191 182 12 119 6 48 170 87 141 27 184 123 163 124 192 67 62 81 38 57 186 90 17 52 35 111 149 18 148 145 195 34 91 177 129 135 147 133 116 109 118 22 20 66 26 176 127 105 58 122 190 79 59 92 117 46 70 173 45 167 73 39 25 86 104 16 98 55 15 64 69 97 197 76 83 108 189 194 115 80 95 23 54 110 51 139 180 187 42 120 75 33 142 132 47 101 11 179 152 166 153 175 131 165 96 9 125 30 89 121 164 50 19 84 161 136 93 36 60 68 1 174 156 193 143 112 88 171 126 168 40 160 102 137 128 158 154 181 53 65 159 24 178 37 56 61 155 8 78 31 3 157 4 144 183 196 134 130 29 188 32 13 162 2 5 74 0
102 6 30 133 51 196 27 110 116 100 68 173 108 38 142 45 62 188 181 43 163 171 185 17 77 9 193 124 90 96 156 15 189 154 26 0
4 182 183 74 150 170 109 118 144 106 87 173 184 21 60 27 47 126 124 54 51 97 155 12 57 186 110 146 76 5 79 190 164 143 18 176 154 37 8 121 13 84 169 10 23 80 117 135 91 152 191 26 119 175 192 172 94 49 42 127 125 156 177 22 187 45 104 58 43 81 197 32 114 83 6 30 33 89 130 20 15 137 196 34 86 174 69 153 123 129 88 90 39 171 3 147 180 36 65 25 99 151 105 40 16 162 103 195 68 0
133 30 66 188 111 184 43 58 69 187 13 80 20 93 0
18 98 146 35 133 69 78 46 8 156 176 15 184 139 33 79 68 5 117 191 37 67 157 136 50 109 103 172 11 137 144 23 171 131 58 154 24 74 101 118 145 6 72 28 194 31 130 189 125 39 127 89 17 128 179 93 114 135 57 30 21 75 25 168 175 92 32 27 153 42 84 143 119 99 63 166 73 113 94 83 61 187 16 19 193 174 87 88 197 190 152 20 121 62 66 9 53 54 183 96 182 104 45 111 124 162 132 0
34 163 112 10 49 117 143 30 38 53 62 31 105 64 142 132 169 1 19 8 175 108 106 43 145 195 89 66 192 165 141 95 197 115 15 177 70 164 176 24 134 73 133 20 96 100 139 82 189 180 35 39 190 186 131 196 173 107 77 27 65 156 88 90 2 116 76 46 85 152 6 181 114 103 21 48 0
169 160 143 163 138 187 18 148 184 100 128 149 197 12 171 47 158 173 137 118 3 21 81 157 186 26 54 78 48 162 79 115 83 28 61 51 142 122 98 93 176 17 19 179 191 133 125 185 154 11 76 97 39 24 132 101 4 105 129 95 46 50 136 182 35 152 130 127 40 121 2 56 52 38 77 117 111 85 102 126 165 107 178 82 88 194 145 15 68 72 9 167 70 69 103 60 189 36 164 66 150 89 87 119 63 135 183 32 113 25 99 190 75 156 188 5 6 45 53 151 104 112 94 159 141 131 13 64 116 109 42 177 33 30 73 146 57 123 22 29 139 16 166 106 147 65 195 80 170 114 181 92 110 55 84 134 37 43 8 174 172 20 86 124 192 23 62 27 168 155 90 161 120 108 91 0
56 102 30 22 89 5 107 150 185 181 119 54 109 66 96 92 87 103 82 111 180 110 79 38 159 48 3 160 68 29 166 173 7 65 23 105 34 143 83 76 60 189 186 151 158 137 80 195 70 190 161 6 69 42 9 116 52 4 18 85 112 193 134 50 130 97 33 94 135 32 121 120 163 147 125 39 126 16 157 146 155 118 77 25 169 24 43 81 15 138 61 91 88 58 171 153 49 63 62 64 188 28 108 84 98 36 100 72 27 104 8 45 75 117 174 179 37 67 46 197 196 192 142 12 114 182 136 177 145 131 51 78 129 132 73 90 106 144 124 128 123 113 13 2 21 165 115 162 168 139 19 156 178 194 17 149 133 93 184 35 1 183 164 55 148 191 31 20 172 59 11 40 10 175 101 99 74 167 26 187 170 86 141 154 122 47 53 57 176 0
158 60 159 52 4 16 22 144 191 151 143 118 102 93 35 190 62 157 171 185 182 91 39 180 119 45 43 70 26 24 72 83 5 0
47 158 87 148 30 164 133 52 97 33 144 84 56 95 197 57 146 5 129 91 93 122 161 67 119 46 12 167 78 76 27 115 82 53 2 155 142 123 72 128 73 4 1 15 113 45 17 110 181 157 185 127 152 121 63 171 160 13 101 168 147 169 189 42 130 188 139 65 112 151 51 10 145 92 191 35 18 159 34 77 124 131 135 99 81 100 149 103 0
0
