1999 500
370 3576
429 3136
1476 2839
1399 4445
96 1857
141 4164
3372 4448
2492 3547
769 4818
67 2654
1159 4661
1603 3386
1155 4849
3216 4220
4210 4423
104 565
2647 4344
19 2921
741 1293
261 3400
2173 3058
1533 1876
465 4584
1271 3169
1536 3726
4188 4709
2835 3131
567 776
1058 4932
143 2372
1510 4340
2076 3971
1970 4556
2588 4832
4548 4969
3509 4497
808 906
87 4729
3040 3480
3161 4994
261 1065
896 1970
1231 4063
2275 4680
4309 4438
1105 1591
4041 4613
1066 2873
3508 4190
550 2946
2835 4605
950 994
721 4790
1007 1417
2578 2973
1589 4547
1728 2049
1608 4258
1383 2294
105 948
2032 2732
2151 3358
3351 3668
1953 4373
2657 3199
1061 4488
3997 4379
3759 4304
1589 2728
1774 1830
247 1824
765 902
1453 3829
548 839
704 3271
406 1298
1493 2600
1065 4242
2915 4890
2629 4237
220 3103
2033 4599
307 4700
376 1712
1398 4735
876 2024
1589 3108
2702 3417
2388 2833
2012 3629
3950 4505
884 2050
621 1506
882 3808
1147 3452
2249 3122
2659 4239
789 4425
303 487
2409 4864
805 2573
825 4723
695 1669
3606 4059
809 1734
449 601
2743 3432
4291 4409
1136 2716
4789 4917
4015 4153
1864 4538
1016 4084
1311 2308
1899 4281
2985 4180
1451 2710
889 1965
2050 4061
2559 4712
3595 4481
1331 2140
3884 4841
3138 4317
3839 3844
1656 3199
3405 4152
826 927
1832 3402
2360 2938
747 2470
667 3546
409 1190
4455 4983
1333 1471
2847 4161
161 3087
420 1888
671 2372
370 1367
1276 2118
531 544
730 1819
1599 3030
1869 2361
730 4881
2223 3335
265 1595
2871 4260
3786 4142
1846 4947
3243 3583
4487 4723
1884 2896
154 336
2982 3227
4795 4859
2890 4669
2381 3915
1095 4560
662 3448
587 1049
2903 3394
915 965
1981 2877
23 1558
104 1977
2722 4322
697 3894
2074 3377
851 1868
444 3751
1836 2187
2447 4331
3733 4976
1637 2517
1265 2861
361 2166
963 3514
857 1645
2622 3508
769 4800
1413 1803
2407 4806
992 2684
3068 4782
1546 2432
2358 2891
2296 3889
936 3542
3235 3751
555 1061
1593 2169
800 2261
2443 3411
124 991
532 2213
692 3066
1236 3011
2989 4372
1613 1960
2537 4668
2158 2892
2025 4801
3906 4357
2979 3954
3298 3969
3269 4662
381 2387
877 4164
3057 3147
2254 4903
3264 4141
809 3197
804 1256
384 4382
3385 3753
3545 4012
1156 4969
2114 4595
4254 4837
3553 3682
601 1501
2324 2390
3409 3996
2956 4708
136 1410
2637 4675
4683 4819
4277 4893
345 2156
653 941
3230 4246
2964 3209
1157 4302
1137 2090
3101 4420
3134 3638
1572 4985
944 2829
1876 4176
2933 4417
2253 3638
3704 4859
3315 4185
2034 2883
1505 4142
3339 3462
1801 4815
1711 2753
1168 3762
3329 4641
1219 3306
917 3099
1872 2593
557 1139
312 1353
390 644
3129 4497
3021 4578
3697 3969
2233 2433
3570 3834
1263 3969
2616 3753
1124 1667
3587 3712
2435 4301
3186 4194
1341 3150
4145 4710
1160 2289
2314 3170
3408 4971
3267 3594
1371 3100
1099 2564
4143 4505
880 2126
1192 4475
2432 3612
1085 2033
4488 4540
338 2664
396 3030
1039 1327
1911 4987
3158 3852
566 1760
3012 4749
1387 4604
3625 4807
2115 4108
599 3052
1046 3402
2630 3654
58 2703
1392 4300
1139 1891
777 4262
2915 3697
603 1211
450 4780
231 2409
2362 4237
3356 4200
559 684
774 1362
3275 3544
1601 4534
1324 1672
765 2781
1543 4363
364 2905
1806 3743
1074 3181
707 2006
1848 4320
1499 1644
1970 2221
1197 2009
2061 3439
714 2127
301 3327
251 410
63 3004
1533 3838
3821 4949
1775 4666
2359 3714
727 1275
35 4719
470 3110
861 3264
1496 3270
1758 4300
1288 3631
3238 3954
2477 2483
2021 4400
1064 4590
3378 3836
2900 3221
1608 2600
1363 2610
4667 4818
3117 3934
4340 4371
1466 4672
2328 4613
2858 4883
2300 3990
2404 3834
1168 2799
203 4332
587 1116
238 1470
2295 4285
1196 3878
529 4816
1515 1569
3107 3820
628 4554
1798 3214
1909 3229
299 673
1454 4116
2679 4901
734 3859
491 4399
759 1480
593 864
2483 4102
3306 4192
273 4895
3212 4005
1917 3981
702 3425
1589 3198
118 1770
318 742
2631 4024
1559 4480
2871 3666
1970 4639
177 3139
620 2706
4346 4951
3333 3844
841 4798
1839 2487
489 3023
2027 3327
3764 4688
1430 4852
151 1640
196 4961
3719 4724
2502 4034
3023 3225
1862 2752
1421 2256
324 1389
722 2856
509 1513
604 4685
357 1984
1834 2708
1742 4593
3264 3479
2283 3648
990 3138
1171 1979
3694 4750
289 2163
2509 4976
1271 2382
2990 3847
3416 3993
2343 4317
583 4238
396 1084
4737 4984
1991 2908
2012 2252
2846 4143
830 3108
3684 4306
102 733
321 3761
2452 4559
2770 3211
1461 3775
649 3530
3268 4162
2008 3335
1130 3010
857 1437
118 4305
4054 4125
286 2998
1036 2714
620 2035
843 1369
2296 2393
679 3382
317 1708
2408 4955
1257 1711
65 3283
2797 3427
1690 4168
387 2322
3364 3580
598 911
3112 4825
844 3427
2284 3748
480 1585
4615 4876
1793 2772
1817 2337
469 5000
1435 4400
1734 4335
3399 3771
766 1434
4461 4521
1684 3498
1541 4767
1395 4075
918 4763
1207 2329
1868 3142
2480 2577
3828 4353
2583 2880
213 2325
989 1447
2462 3089
1016 4183
3776 3952
749 2101
1430 3517
831 3600
400 3404
1073 2129
1831 4309
1029 2072
940 3035
2783 4182
2295 3940
818 3930
1276 2471
900 3588
833 4591
2473 4554
751 3971
106 2492
1599 4501
3710 4319
2733 4083
1873 1923
2582 2900
467 2980
4409 4981
140 809
615 3597
1906 3733
990 1613
3254 4246
2358 2494
3977 4949
1495 2020
183 354
546 937
428 443
759 2203
3248 4039
1018 3969
1088 3364
2480 2672
1067 3723
2386 4013
93 2741
2459 2682
613 3052
1471 2106
1998 3138
3435 4716
344 1857
2849 4062
2519 4746
847 3672
842 4384
1064 4798
674 2877
25 833
2287 4447
658 4673
2604 3949
1246 3319
3013 3091
2135 3994
2067 2542
2180 4100
347 989
1725 1816
170 978
823 896
1664 2048
2322 4387
2320 4449
3177 4084
82 598
374 2043
820 2064
977 3863
544 2531
382 4331
4289 4856
2469 4085
992 2942
2925 2964
3925 3973
1675 4660
2907 3506
2148 2516
924 4925
1249 2546
2329 2858
1753 2551
1180 4909
1906 2837
640 3421
2202 3915
2184 3787
4674 4906
4147 4254
1927 2250
1705 3284
2273 2641
2434 4179
1182 1550
2030 2396
650 3366
825 4434
159 416
4250 4642
2451 4183
1773 2831
2609 4673
1512 2372
2327 2922
1290 3113
375 2203
2267 4062
171 4944
288 4379
834 2209
489 535
680 2343
808 3778
230 1113
143 3769
3822 4536
427 4992
2461 2775
742 4115
727 1262
1165 3657
1905 4574
127 3799
4460 4715
2205 2403
1602 2697
1602 4175
2044 2632
2154 4686
238 900
3787 4794
2877 4534
1341 3171
1067 3830
961 2864
1774 3283
2345 4616
1643 2174
464 2464
1168 1342
2925 4856
157 3892
3439 3838
1301 4680
1025 3596
3852 4488
1278 3369
2147 4308
2412 3071
697 2533
361 1177
3359 4528
1026 2047
4693 4809
4462 4611
1832 4959
456 3049
1193 2382
708 1279
1051 3679
2045 4914
360 806
226 2620
1496 3551
418 1333
1976 4998
209 1198
148 631
3803 4454
2724 4626
2039 3825
3543 4061
3562 3811
760 909
1223 2148
2178 4402
574 4040
2284 2523
1046 1924
523 1695
2017 2918
2905 4449
1176 1221
2683 3959
20 4643
645 2957
264 2338
1030 2170
2362 3257
2585 2862
1764 4248
1872 3832
1121 4186
2181 4958
2955 4856
3356 4835
1562 4166
1516 4355
1608 4770
2455 4501
2930 3634
3418 4845
1205 1437
2359 4834
1321 3338
757 4625
1438 1442
980 2137
2151 3742
169 1145
284 1786
377 4938
1273 1769
1328 3105
3318 4053
1093 1103
925 4663
4394 4813
1307 3141
579 955
150 2616
707 4486
2288 3482
1160 4585
2777 3863
38 4282
473 3051
501 4580
1341 3450
1774 2728
3958 4453
1909 2097
1340 3978
767 3607
673 4208
1344 2662
1201 3383
306 888
1381 2680
633 1376
2817 3279
3412 4349
1733 2923
1422 2852
1882 3568
4 4373
34 1574
4130 4818
1361 4375
1301 2773
157 768
3348 4435
632 1527
2939 3677
1376 4075
1585 1891
2418 2458
240 2220
2653 2973
3256 4580
1875 2877
1525 4125
1701 3314
3410 4797
788 3509
537 1565
1522 4273
1328 2220
1718 4396
3874 4176
218 1061
1880 2867
1862 3610
2332 3190
4699 4930
4301 4474
3236 3733
1282 3634
2107 2936
2297 4663
156 3484
609 3714
1684 2059
1892 3967
2178 3152
297 3443
590 3048
1809 3505
964 4527
4311 4664
3909 4116
2926 3363
4196 5000
406 2480
1182 2440
3261 4180
2536 3498
1959 3743
2519 3256
1991 4342
343 4786
1274 2384
1000 1952
1233 2130
1992 4854
1380 4250
1985 3328
232 1843
3930 4457
3196 3578
314 1162
3203 3850
2178 4172
2024 4941
804 902
1164 4595
844 4346
2132 3780
4073 4578
1485 2122
724 982
1393 4079
3826 4744
874 3486
1032 3859
2897 3193
62 3281
1331 1820
3320 3877
181 3038
1283 4240
2308 2908
666 4244
3711 4083
3361 4446
1290 3278
3347 3417
1308 4960
1164 1991
2010 2690
2847 3074
109 3080
3056 3195
3269 3696
2363 4192
525 809
3135 3289
749 1033
805 2587
731 3684
343 4844
2875 4088
600 4656
1451 3946
1340 3650
4209 4952
1866 4738
556 3346
162 2188
2705 4298
13 1602
525 3315
3207 4410
790 4676
1583 2898
2842 3273
671 2600
3567 4615
61 4520
3195 4652
1905 4430
1416 2470
778 4622
3163 4221
799 2069
393 3176
1338 4995
3494 4641
1077 1426
4222 4261
452 1684
1788 4641
2358 4685
3685 3786
881 4814
2072 3951
1525 2863
861 2866
205 430
1549 2758
3937 4628
2079 4116
1393 2735
1087 4145
1822 2428
3856 4955
842 4939
2494 4188
345 1229
985 2786
709 2563
243 3049
2268 3032
1512 1749
516 2577
681 1855
2319 2687
3670 4825
324 3062
1432 4602
441 555
353 4049
2711 4606
1012 3471
1517 1556
676 4490
3640 3877
1748 3523
474 1510
3590 4169
2790 2825
361 3791
284 3081
2068 4668
3369 4560
4045 4585
1169 2732
252 911
878 3480
1498 4627
4543 4691
1652 4436
1115 3925
478 2553
3568 4571
4182 4438
3700 4511
460 2321
1586 3393
3138 4670
924 1042
359 2556
2430 2457
3321 4407
1690 2844
996 2895
979 4061
4201 4429
1000 3402
725 4013
1011 3512
1609 4459
3219 3320
3713 4317
809 4140
617 4120
968 2475
3514 4544
442 4669
926 3607
428 1171
3218 4902
1403 3466
1262 2850
652 4798
661 1200
41 1907
2789 4509
589 610
3192 3535
704 972
152 2827
653 1941
216 3867
143 4308
979 4100
1257 1393
1038 2464
3013 3968
502 2679
849 1017
338 2263
2907 3945
581 4256
1093 1498
1120 2310
895 1943
1100 2128
3304 4079
74 802
1558 2391
2146 2604
1796 4802
938 3811
4126 4237
1331 2087
661 2680
419 924
1391 4216
50 1429
694 1088
1244 3838
581 1347
2002 4417
512 2695
1528 4668
2634 3223
15 3615
1383 3377
2274 3493
1122 1879
3452 3733
3061 3686
1613 3123
4932 4956
3469 4947
2178 3673
1103 3226
337 4463
270 2576
551 1353
1842 2348
3765 4473
161 2969
1204 1392
3021 3563
4188 4592
1760 1902
2094 2217
1377 3496
499 1834
239 1324
2578 4278
1499 2442
2995 4759
3241 4768
1891 4781
1125 4167
1921 3740
1532 2283
2443 3229
510 3182
2598 2723
3536 4082
707 4634
1228 3070
3242 3906
4175 4788
337 1924
1515 4762
1962 4446
941 1167
733 3014
928 4081
2443 3385
1680 3523
1532 3211
4136 4293
3424 4827
1190 4080
2278 4783
2189 2433
2068 4592
3650 4817
2066 4362
905 4021
737 3305
180 2410
3739 3891
1235 4482
881 4914
1635 4889
2265 3507
917 2950
1424 2254
184 1347
96 1873
952 4158
376 4101
1516 4046
1405 3982
2882 3674
2555 3188
3804 3804
1902 3243
3409 4274
2354 4211
1865 3999
589 2691
3784 3979
1558 4855
4435 4475
554 3689
2635 3124
2669 4898
1195 3735
588 3730
2100 2514
485 4711
592 954
2225 3205
2053 3878
603 896
682 3290
1203 4781
1540 2246
128 1783
3068 4834
1216 3946
2184 3640
2383 2761
1247 3132
228 1847
703 1458
4106 4223
2419 2467
548 1580
87 3915
699 4847
4328 4708
339 533
2073 4060
268 2529
4257 4999
1065 4428
3429 4706
1961 3951
65 4251
499 3496
3815 4698
738 2140
2583 3625
1073 2569
652 4687
1243 4228
2027 2349
3179 3437
2599 4945
3294 4848
528 2277
1006 1018
107 965
275 353
333 2139
204 4448
1660 4791
1654 2157
1324 2026
2089 3116
2430 4123
3544 3562
162 2974
477 2565
158 548
894 4636
2975 4882
2206 2976
71 3823
3356 4183
1999 3845
577 2479
1747 3308
2871 3153
2663 4402
952 2896
4001 4551
2968 4614
1379 1883
472 2676
3582 4351
751 2316
1099 3565
3610 3673
2802 3873
2033 2918
95 2507
656 2499
1520 3713
636 921
1553 3829
1326 3667
1637 3578
301 1951
1477 4499
3233 4603
1920 4795
2276 3817
10 3107
1221 4555
3234 4180
2081 3915
3890 4810
663 987
980 4399
3002 3237
1507 4590
10 3823
2741 4521
4045 4515
1746 2239
1539 3528
1323 1540
1727 3339
2070 4138
3633 4653
2007 3037
4 2916
384 501
1454 1765
176 2277
170 2087
253 4385
4274 4646
1497 4874
185 4507
977 1905
623 2387
864 1177
1267 3918
402 1542
553 3056
1616 4844
566 1575
1424 1946
660 1810
2513 2617
1134 1743
3634 4926
1197 3716
710 4134
4502 4720
726 2784
3139 3324
870 2814
42 3757
4618 4841
1653 3491
3136 4039
609 974
3172 3840
743 875
714 4535
976 1598
1555 2828
3992 4027
1494 4039
1295 2176
298 3631
2601 2849
223 2081
4519 4591
4275 4557
670 1465
1554 1655
2004 4815
691 1596
3011 4292
2411 4573
81 4841
1027 3919
364 1503
3793 4396
1590 2038
57 2123
1510 3796
2880 3267
3234 3285
1120 1725
1236 3248
874 2799
3335 3843
375 1654
947 3079
3871 4533
581 2730
3534 4871
778 4439
4010 4314
164 2740
1286 3147
4183 4205
683 2109
2902 4153
1427 4698
111 572
2290 3993
744 1297
2224 4089
1153 4390
809 2737
3523 4198
2965 4173
4355 4541
1183 2802
4184 4355
704 4462
1814 3616
1752 4805
1131 4093
2176 2912
1049 4468
3252 4241
323 1718
245 998
1216 3742
3132 4108
391 3389
2499 4822
684 944
176 2227
2422 2484
2007 4760
1339 1566
1570 3674
2842 3318
2817 3099
39 3238
1108 1496
1427 3763
291 3121
297 1445
697 718
960 2741
1710 3905
3341 4035
1332 3387
3414 4034
2910 3955
1881 4534
1854 3152
827 2326
3335 4395
88 1380
2353 3583
1824 4252
1075 3317
1535 3995
3007 3507
3389 3801
748 2656
94 1441
2043 4305
3316 3741
505 2209
196 977
329 2973
471 2317
2824 4940
4522 4920
1956 2184
700 1783
3797 4177
1769 4875
3444 4129
1783 2890
272 3482
93 3488
192 3075
3252 4344
1400 1720
2142 2868
2654 3576
1311 3209
994 2058
489 2103
362 2031
1242 2768
2204 2322
894 4729
4832 4925
74 1997
2678 3172
1710 4101
390 3310
611 2804
2555 4190
1554 2906
4599 4617
381 1128
1945 3218
484 2854
1137 3319
57 1854
3822 4408
3606 4810
855 4193
3519 3539
1734 4577
940 3535
1637 1945
1235 1915
2585 4029
683 4450
1980 4789
320 4164
1576 4653
586 3269
3928 4234
969 4991
1703 4180
1163 4522
951 2780
907 2451
1124 2564
2110 4037
861 3332
1600 1756
598 1691
2838 3443
365 4107
1086 2348
676 4560
2523 4834
163 2165
2222 2366
2433 3818
1265 1516
622 3047
2652 4455
2956 3546
2700 3512
3420 3436
2447 4361
111 919
599 748
680 1903
2420 4616
1887 4050
1281 4528
3181 4991
1017 4962
1075 4685
2020 3459
618 1284
3521 4480
859 4179
1857 4215
4348 4663
492 1147
2369 4871
585 4384
469 1447
123 1555
3448 4898
3091 4961
2535 4002
542 1595
74 4906
2361 3331
1945 2843
154 2900
1752 4221
781 823
2704 2821
2315 3999
143 1367
3398 4934
2148 3611
1909 3971
1965 2879
3950 4916
2054 4696
1247 3965
3056 4204
2 3059
135 4327
3426 3497
2328 3457
1040 1888
260 327
1689 2028
2067 4925
860 1508
2708 3976
2625 2714
1079 3872
941 1900
1176 3366
681 4793
2406 3619
301 3925
2696 4645
3828 4383
616 4918
286 2623
1166 3906
2325 3225
2666 2739
2766 4502
150 1369
4269 4801
344 1780
3625 4754
3214 4055
3021 4912
1800 4759
2314 3483
2771 4452
493 1301
828 862
3793 4017
1078 1317
3133 3528
143 1599
184 4901
2705 3150
182 855
396 1531
1636 4952
1629 2276
1830 4575
493 592
513 3484
1212 1837
1130 1245
1431 4201
3409 4068
439 2993
2610 3435
1355 3298
376 3856
348 3418
1269 2122
697 4763
2904 4406
431 4006
752 1145
3471 3891
392 4729
2293 3125
1574 5000
646 4310
4759 4787
1677 4589
247 4978
709 4674
2499 2566
1411 1740
842 1554
2595 2715
1657 4649
1704 3085
2496 2896
93 1116
52 80
277 3213
3323 3854
2552 3408
2726 4276
3613 3856
2758 3308
314 2172
2309 4194
739 4961
1812 2388
665 2712
1311 2646
1790 1879
3339 4577
1110 2101
78 4760
923 1049
300 3278
4340 4793
2409 3875
1170 3784
358 612
740 3971
491 2440
2588 4437
1563 3998
2785 4159
330 2233
1329 4862
3615 4968
1385 1469
2296 3045
328 2584
2011 3567
136 4184
778 1080
3236 4394
3094 4296
730 3139
1311 3368
927 1212
3030 3304
471 4744
675 3872
1131 4485
263 4836
809 4876
1598 1730
815 1041
1422 3318
987 4073
2742 3295
38 3547
3166 3789
112 4821
3980 4477
1436 4182
2731 3918
343 1303
838 3975
2575 4547
2637 2796
3385 4957
1582 4293
1106 4297
3434 4797
2107 2724
2885 2982
2411 3475
2582 3678
298 1605
1400 4103
1771 2230
2922 3626
4288 4361
3277 3497
775 3795
241 1956
1504 1632
4234 4793
2253 4953
2125 3262
2361 4204
4790 4885
1480 3337
275 4488
1454 3384
4152 4181
4535 4693
504 4239
1468 1777
781 1941
2432 2816
2401 2539
1300 3168
1263 2061
58 4544
1188 2335
1779 3131
1332 1841
1946 2672
2890 4291
1016 2971
1200 1694
1428 2940
556 3508
2843 3336
2742 4098
957 1381
3634 4158
4178 4413
620 3722
2559 4790
2659 3711
2376 2802
542 3606
2741 4432
1193 3215
735 4577
3329 4810
1231 2031
2021 4840
2407 4562
2868 4922
107 2755
1257 2903
2629 3966
841 2334
801 2071
2391 3579
1208 3013
1076 1301
1124 2655
663 3297
296 1287
1763 3506
4248 4528
2368 4369
862 2107
231 2861
2115 4442
2248 2280
946 1415
1055 3779
1714 3036
1929 2630
590 4007
460 4457
1647 2181
1240 2295
117 417
829 1605
938 3680
4180 4862
1526 2939
2489 2507
1938 3905
3952 4611
796 887
1795 2701
2380 4196
804 4354
414 4634
2268 4963
1645 2335
1362 1584
114 2254
2104 2510
95 216
1899 2892
762 1756
175 2732
1013 2367
99 1674
370 1243
29 4017
3566 4429
1599 4036
481 3729
1277 1720
143 2784
30 302
2917 3187
2239 3553
2789 3547
3775 4795
2728 3660
3813 4576
1386 2763
4147 4346
731 2019
647 3071
3611 3791
170 3736
3715 4394
3818 4283
1932 4541
1111 1595
1584 3622
2835 3514
1029 4206
571 1913
987 2079
725 4398
1887 2652
355 1760
1371 1714
2372 3416
1429 3717
1319 3574
1951 4313
1789 3285
163 984
61 3390
479 861
457 1294
3150 4407
58 4270
2258 4077
1606 3911
2795 3595
314 4710
729 1672
3410 3458
806 3706
190 4422
1423 3879
889 1693
3835 4884
2843 3962
2953 3088
665 4036
1633 4521
143 3804
1266 1391
1398 4210
2265 2521
1754 1894
2034 2370
138 4448
1803 2505
364 4365
541 4530
2006 4358
1309 4613
840 4837
1243 2492
1363 3492
1420 2715
2943 3661
857 1867
2570 3289
3015 4036
1334 3077
1261 1841
2473 4073
4315 4727
3114 4948
1446 3603
1751 2715
3103 3968
1103 1886
5 4630
1637 2493
1367 2302
1209 4907
3720 4092
1519 4811
1654 4844
719 3139
3035 4031
1312 2410
2339 4319
1988 4380
1099 4516
2082 4089
885 4773
1 690
1502 4550
174 4546
363 2848
1319 1500
2531 3956
1277 4929
811 4108
1565 3905
150 4241
3700 3827
3086 4316
1208 4835
838 4663
35 1180
63 4953
3138 3656
3604 4955
1091 2278
2297 3854
933 3771
3308 4576
1638 4889
162 3649
857 2059
424 3817
3083 4806
1234 4552
212 1789
2588 3835
644 1522
1291 1999
866 2483
271 1424
742 1370
1455 4685
2686 4821
79 316
2748 3585
1738 2145
375 4515
1340 1807
239 863
177 4535
1433 2955
566 1071
4273 4726
1313 3435
1658 2279
3161 3951
2660 3475
536 4689
1100 3014
860 3340
542 2546
3183 4249
2259 4195
4757 4972
1472 3440
2767 3487
3460 3468
3671 3969
1163 2597
458 2546
743 2798
2038 4474
885 4075
3550 4215
33 4346
123 3508
1478 3272
1197 4318
2024 4565
2090 3790
3477 3934
2132 4644
1755 2012
1925 4558
1666 2939
1519 2555
3811 4756
403 3265
4035 4537
804 3541
1424 2523
2240 4130
3048 4996
2546 4675
1460 4755
2181 4862
338 679
3531 4626
537 881
404 2716
166 662
59 3531
546 3291
3765 4770
1101 4638
960 3959
94 4910
1591 4941
3289 3592
312 3123
3091 4231
135 1442
2831 4188
1013 3372
63 2579
40 4693
91 4853
897 4613
2146 4951
752 2215
392 4818
703 3298
120 3363
2124 4458
3554 4319
1878 3683
687 4546
805 2046
1115 1167
1414 2558
1019 3078
1082 3322
4832 4983
2796 4699
2492 4890
3304 4606
594 1706
2665 3802
273 2543
2214 3255
1749 2748
740 3056
2516 4254
966 1538
3541 3897
1696 1935
723 4553
114 427
647 1696
1864 4519
2939 4026
2190 4663
3317 3798
308 2874
94 564
387 3196
1479 4389
1426 3550
2994 4403
1205 2351
554 1724
3585 4138
1613 2053
2110 2500
2029 2170
408 4046
1280 2094
1765 2485
4064 4881
4083 4436
174 238
3209 4842
2075 4769
3428 4425
246 1803
306 1904
1154 1586
1842 3214
3191 4068
1924 2801
2960 4081
622 1055
388 1318
1635 3761
179 2169
1237 1747
352 2368
491 2009
3051 4304
1619 3180
530 3771
4579 4808
1054 4500
