500
37 44 47 86 72 89 96 68 77 36 70 94 72 18 13 95 20 42 73 62 65 25 40 72 48 25 65 75 9 18 72 47 23 19 5 32 32 18 72 58 79 11 48 92 58 78 88 15 26 19 56 54 18 48 51 87 57 34 58 66 63 90 96 3 37 39 30 71 5 18 40 92 31 10 66 86 43 42 29 19 43 80 68 87 5 57 59 37 56 13 25 17 100 3 72 73 2 29 12 92 99 89 15 77 96 55 62 91 100 11 70 29 73 85 50 54 26 81 55 5 19 98 15 73 25 4 31 59 63 91 54 41 100 56 17 87 17 55 19 36 76 96 34 87 89 18 24 55 59 93 77 7 69 25 24 47 5 99 87 13 17 68 36 81 3 40 14 80 27 62 71 30 46 98 66 45 83 27 100 78 86 1 23 13 30 26 32 55 12 62 98 36 11 62 79 17 23 53 72 75 72 92 63 14 60 95 79 78 7 57 69 58 47 62 81 26 33 92 13 46 68 93 28 97 64 12 35 24 83 12 16 35 66 78 58 81 10 99 57 89 64 43 2 32 69 4 55 11 48 14 14 96 51 30 19 25 43 91 69 3 77 68 24 78 89 37 21 24 56 40 34 1 61 92 69 56 60 55 34 78 88 13 1 74 61 40 64 87 82 60 94 94 18 2 81 54 68 36 78 40 57 8 67 84 86 82 82 78 81 21 95 69 11 7 58 86 60 63 26 100 73 67 9 80 50 79 13 48 36 69 34 95 51 65 11 48 5 84 37 57 69 8 60 48 94 86 10 96 6 41 7 58 90 56 49 78 84 55 98 55 86 39 22 20 25 31 92 29 27 87 11 80 88 24 85 22 15 88 16 86 15 58 59 43 21 26 73 47 88 48 22 99 36 72 40 13 4 63 23 77 92 95 89 23 86 28 36 49 8 39 79 100 67 21 56 77 93 49 82 88 24 62 38 32 64 96 60 78 19 40 83 27 67 23 27 62 67 36 61 56 55 48 51 71 45 37 83 83 26 96 62 90 2 66 20 30 69 6 12 17 33 100 36 56 27 72 44 24 23 67 38 21 3 73 21 64 3 45 1 77 90 62 100 37 56 10 42 59 76 84 87 41 69 17 87 41 53 51 11 6
226 211
262 211
19 211
324 211
304 211
445 211
283 211
33 211
482 211
302 211
97 211
119 211
92 211
354 211
366 211
480 211
100 211
309 211
174 211
278 211
10 211
253 211
460 211
85 211
403 211
409 211
374 211
145 211
124 211
236 211
422 211
198 211
329 211
344 211
72 211
206 211
66 211
207 211
164 211
71 211
24 211
223 211
218 211
496 211
61 211
122 211
252 211
51 211
136 211
423 211
58 211
214 211
427 211
280 211
436 211
160 211
140 211
170 211
418 211
74 211
26 211
243 211
50 211
144 211
43 211
345 211
337 211
318 211
188 211
335 211
86 211
462 211
363 211
59 211
299 211
80 211
396 211
1 211
364 211
322 211
89 211
336 211
238 211
433 211
62 211
438 211
274 211
172 211
500 211
428 211
463 211
199 211
379 211
76 211
108 211
400 211
208 211
454 211
376 211
264 211
362 211
273 211
120 211
301 211
231 211
179 211
105 211
167 211
452 211
298 211
443 211
194 211
407 211
212 211
431 211
340 211
138 211
55 211
200 211
296 211
54 211
475 211
126 211
230 211
455 211
201 211
467 211
395 211
432 211
434 211
27 211
392 211
277 211
182 211
355 211
287 211
154 211
446 211
498 211
233 211
34 211
181 211
121 211
453 211
141 211
163 211
461 211
476 211
90 211
185 211
263 211
37 211
153 211
30 211
347 211
209 211
242 211
479 211
47 211
285 211
5 211
300 211
481 211
266 211
173 211
385 211
399 211
332 211
295 211
39 211
177 211
259 211
247 211
83 211
306 211
113 211
254 211
52 211
441 211
256 211
94 211
289 211
196 211
95 211
81 211
202 211
35 211
127 211
360 211
361 211
484 211
68 211
486 211
410 211
65 211
234 211
303 211
222 211
245 211
166 211
189 211
352 211
77 211
477 211
137 211
56 211
184 211
414 211
224 211
472 211
439 211
435 211
339 211
106 211
373 211
294 211
156 211
426 211
491 211
197 211
284 211
110 211
384 211
499 211
459 211
398 211
183 211
219 211
87 211
114 211
4 211
317 211
282 211
109 211
161 211
368 211
133 211
401 211
494 211
40 211
279 211
474 211
187 211
11 211
246 211
290 211
402 211
450 211
191 211
326 211
346 211
148 211
406 211
249 211
220 211
456 211
190 211
23 211
471 211
419 211
440 211
388 211
315 211
405 211
271 211
143 211
468 211
111 211
162 211
258 211
493 211
151 211
380 211
18 211
64 211
425 211
370 211
112 211
378 211
12 211
158 211
17 211
99 211
205 211
69 211
417 211
381 211
75 211
269 211
323 211
470 211
178 211
276 211
448 211
487 211
268 211
465 211
429 211
391 211
291 211
251 211
125 211
330 211
286 211
63 211
168 211
235 211
46 211
150 211
142 211
73 211
107 211
348 211
313 211
341 211
195 211
297 211
375 211
16 211
343 211
169 211
237 211
244 211
320 211
458 211
134 211
88 211
393 211
146 211
228 211
272 211
38 211
357 211
41 211
176 211
367 211
139 211
123 211
3 211
210 211
204 211
333 211
2 211
371 211
175 211
267 211
325 211
469 211
421 211
180 211
377 211
449 211
478 211
241 211
413 211
102 211
91 211
365 211
115 211
165 211
25 211
275 211
311 211
232 211
22 211
8 211
9 211
412 211
383 211
248 211
70 211
353 211
372 211
171 211
128 211
131 211
308 211
490 211
192 211
159 211
216 211
350 211
473 211
96 211
250 211
60 211
260 211
265 211
310 211
305 211
359 211
93 211
394 211
430 211
203 211
255 211
447 211
321 211
239 211
84 211
327 211
135 211
356 211
193 211
351 211
186 211
104 211
369 211
415 211
328 211
411 211
292 211
225 211
103 211
13 211
101 211
382 211
451 211
386 211
483 211
29 211
49 211
389 211
42 211
132 211
44 211
316 211
229 211
227 211
130 211
314 211
116 211
437 211
444 211
270 211
390 211
387 211
98 211
118 211
79 211
129 211
342 211
358 211
21 211
32 211
36 211
7 211
20 211
457 211
152 211
293 211
117 211
14 211
31 211
281 211
221 211
157 211
215 211
442 211
489 211
495 211
334 211
488 211
15 211
53 211
67 211
147 211
331 211
48 211
45 211
312 211
397 211
57 211
288 211
82 211
261 211
319 211
213 211
424 211
464 211
155 211
257 211
485 211
492 211
408 211
420 211
149 211
307 211
217 211
28 211
78 211
466 211
497 211
416 211
338 211
349 211
404 211
6 211
240 211
