610
15841 9291 5882 5914 326912 80 326911 12949 11326 8171 7054 17978 21415 15028 2658 15015 9399 17939 8679 5808 16521 1974 8726 2230 11969 2351 19773 14542 3922 14037 15256 13876 3874 16015 16257 7328 4683 17098 8051 11460 10795 6669 1395 10649 15893 3621 8772 21196 16976 17143 5109 433 8537 4098 7435 1103 18950 14279 8783 5531 19630 5511 3963 2660 17455 2718 794 12521 17270 5022 9978 9035 10384 2411 10480 20263 20942 6523 18310 11952 21187 17113 11846 4788 18422 13302 16404 7369 14639 17695 17526 17785 19202 17294 17815 7238 17697 17910 16085 5391 15629 3516 5797 1757 5711 13281 14687 13708 14755 10036 8752 2065 17551 12749 9372 2932 14437 4263 1957 3367 5523 12531 3459 8323 21047 17092 5821 6958 1200 4141 4946 4076 16742 234 6545 16652 9507 16080 16620 18406 7849 16107 4473 16385 19140 12469 2142 7423 8102 18543 18247 11625 1011 18759 20784 7628 15184 11539 20699 3433 7049 19168 4412 21032 15280 15148 9455 12144 10061 5132 1136 2780 22004 1700 19007 15336 20236 10814 2252 12865 5036 10586 11 3612 11605 10842 19659 7230 360 14626 14347 17002 15430 19137 12154 16017 12597 7477 20143 6852 3509 3195 1287 7492 2699 18367 22188 1827 18181 17039 1422 15964 3551 16885 9115 7770 21126 13975 19793 4748 15561 1088 12305 10841 3373 13284 7364 15432 11149 12645 15621 18749 2891 5186 13859 18254 17970 11554 19846 14891 11303 5747 3422 12673 15501 5597 4958 11251 12869 2258 17676 17124 20965 21972 7773 92 21633 2946 20292 15783 3018 19257 862 12298 6912 14385 20311 3224 22239 7660 16398 7080 14026 2558 225 7168 19387 9208 19056 21634 9072 3494 9767 2551 5965 4826 15957 5983 9019 1565 1886 16983 1973 21291 1419 9888 17225 19534 11553 17689 5272 5078 16104 11736 13482 20662 2421 5316 6985 4900 18900 17461 8281 2824 15612 5726 7328 4538 15109 3255 204 16609 5390 15 18671 5241 6597 6066 14798 14122 8422 13686 11917 21097 10495 18751 10694 100 11068 7199 5516 8976 11929 15810 14660 7785 6171 15278 18307 18674 4439 4100 15055 19895 22180 20503 14234 2969 19287 644 19783 12417 1404 8676 17785 13926 2131 12217 15048 6189 380 10058 15255 6130 22154 16343 14189 10757 3977 6965 10773 15750 11694 21811 19986 6965 8855 19094 19980 16887 18254 20073 9072 8700 18103 13853 648 9952 8655 1024 493 7823 4591 12336 6919 16907 12603 10144 5873 6689 9790 5272 20254 18658 5496 13302 4501 17198 15090 9078 18167 13175 7974 6178 14883 8466 2598 3303 4435 18464 20178 14224 14543 20896 1744 3679 18262 19822 13806 8419 15520 15974 17072 12576 10075 19913 2796 16812 16245 19612 5766 10265 15633 2207 16002 4767 18892 11041 16919 18239 5183 2613 10474 4523 10439 4489 15796 4464 9489 17614 18618 17966 5296 8265 2461 3261 346 6986 9975 7125 11190 1953 12934 19652 17557 816 13043 8419 6570 19416 21182 8160 2209 15357 12197 19949 4334 8506 14781 9280 20649 3486 12260 17213 14258 17951 14024 1188 7041 6821 1688 16757 11435 15260 15624 4329 12393 9214 15727 90 12591 9188 16318 11812 18737 10120 6526 19677 2925 17131 9277 4300 14447 9324 10314 15719 1176 3340 17092 12180 13569 22384 3863 7159 5683 16031 19138 10877 1931 4272 10082 2836 13336 19287 14732 2893 21328 7661 17579 21072 21422 22387 2566 4829 10655 8044 21075 1603 17039 17496 5687 13002 3199 9569 12853 476 624 6776 12628 5485 8319 7861 5710 8649 4973 16004 11261 17632 13915 2529 8851 16092 7734 19243 20065 20414 11288 17869 16316 15155 7815 8550 6794 8745 2331 16885 15775 3444 20205 14307
1 6
6 7
2 1
3 2
2 4
4 5
8 1
9 8
10 9
11 10
12 11
13 12
14 13
15 14
16 15
17 16
18 17
19 18
20 19
21 20
22 21
23 22
24 23
25 24
26 25
27 26
28 27
29 28
30 29
31 30
32 31
33 32
34 33
35 34
36 35
37 36
38 37
39 38
40 39
41 40
42 41
43 42
44 43
45 44
46 45
47 46
48 47
49 48
50 49
51 50
52 51
53 52
54 53
55 54
56 55
57 56
58 57
59 58
60 59
61 60
62 61
63 62
64 63
65 64
66 65
67 66
68 67
69 68
70 69
71 70
72 71
73 72
74 73
75 74
76 75
77 76
78 77
79 78
80 79
81 80
82 81
83 82
84 83
85 84
86 85
87 86
88 87
89 88
90 89
91 90
92 91
93 92
94 93
95 94
96 95
97 96
98 97
99 98
100 99
101 100
102 101
103 102
104 103
105 104
106 105
107 106
108 107
109 108
110 109
111 110
112 111
113 112
114 113
115 114
116 115
117 116
118 117
119 118
120 119
121 120
122 121
123 122
124 123
125 124
126 125
127 126
128 127
129 128
130 129
131 130
132 131
133 132
134 133
135 134
136 135
137 136
138 137
139 138
140 139
141 140
142 141
143 142
144 143
145 144
146 145
147 146
148 147
149 148
150 149
151 150
152 151
153 152
154 153
155 154
156 155
157 156
158 157
159 158
160 159
161 160
162 161
163 162
164 163
165 164
166 165
167 166
168 167
169 168
170 169
171 170
172 171
173 172
174 173
175 174
176 175
177 176
178 177
179 178
180 179
181 180
182 181
183 182
184 183
185 184
186 185
187 186
188 187
189 188
190 189
191 190
192 191
193 192
194 193
195 194
196 195
197 196
198 197
199 198
200 199
201 200
202 201
203 202
204 203
205 204
206 205
207 206
208 207
209 159
210 144
211 142
212 133
213 205
214 105
215 28
216 51
217 119
218 51
219 108
220 186
221 156
222 152
223 18
224 17
225 191
226 41
227 183
228 91
229 104
230 53
231 22
232 60
233 53
234 1
235 184
236 26
237 118
238 133
239 45
240 225
241 33
242 231
243 137
244 133
245 65
246 178
247 166
248 219
249 246
250 192
251 112
252 54
253 124
254 152
255 27
256 121
257 233
258 8
259 216
260 89
261 173
262 137
263 65
264 240
265 49
266 124
267 13
268 144
269 35
270 178
271 13
272 171
273 199
274 202
275 248
276 204
277 100
278 142
279 144
280 168
281 71
282 67
283 157
284 113
285 104
286 180
287 107
288 225
289 150
290 73
291 40
292 237
293 262
294 155
295 147
296 281
297 21
298 98
299 123
300 86
301 170
302 301
303 126
304 284
305 188
306 295
307 85
308 19
309 107
310 249
311 214
312 176
313 146
314 87
315 94
316 41
317 115
318 142
319 69
320 211
321 285
322 246
323 46
324 121
325 261
326 76
327 98
328 305
329 78
330 62
331 53
332 56
333 79
334 257
335 298
336 263
337 114
338 224
339 75
340 157
341 126
342 335
343 218
344 314
345 163
346 156
347 183
348 141
349 88
350 336
351 93
352 48
353 175
354 80
355 232
356 34
357 97
358 103
359 330
360 63
361 292
362 357
363 177
364 22
365 129
366 148
367 163
368 64
369 22
370 76
371 93
372 74
373 137
374 217
375 277
376 25
377 159
378 36
379 195
380 113
381 200
382 58
383 124
384 25
385 260
386 216
387 331
388 1
389 175
390 85
391 164
392 21
393 334
394 107
395 176
396 214
397 340
398 59
399 106
400 190
401 193
402 363
403 258
404 207
405 300
406 80
407 166
408 59
409 403
410 270
411 375
412 245
413 378
414 160
415 289
416 96
417 284
418 13
419 158
420 181
421 320
422 390
423 142
424 149
425 296
426 370
427 331
428 403
429 393
430 155
431 273
432 149
433 63
434 78
435 230
436 327
437 331
438 110
439 69
440 225
441 412
442 214
443 119
444 371
445 16
446 153
447 214
448 19
449 364
450 222
451 273
452 429
453 270
454 82
455 280
456 163
457 46
458 412
459 431
460 168
461 136
462 309
463 82
464 144
465 261
466 427
467 461
468 139
469 189
470 452
471 100
472 360
473 71
474 283
475 121
476 292
477 342
478 202
479 228
480 92
481 434
482 187
483 291
484 107
485 171
486 41
487 146
488 293
489 196
490 168
491 403
492 209
493 490
494 426
495 98
496 310
497 350
498 9
499 173
500 374
501 262
502 360
503 123
504 296
505 312
506 363
507 263
508 187
509 80
510 314
511 474
512 408
513 60
514 387
515 333
516 87
517 439
518 395
519 181
520 273
521 289
522 308
523 18
524 374
525 90
526 35
527 322
528 98
529 213
530 211
531 237
532 161
533 56
534 209
535 128
536 217
537 518
538 493
539 145
540 408
541 369
542 225
543 314
544 307
545 490
546 283
547 452
548 187
549 161
550 161
551 178
552 57
553 369
554 53
555 315
556 139
557 308
558 353
559 269
560 375
561 278
562 422
563 64
564 388
565 358
566 352
567 400
568 438
569 67
570 194
571 400
572 257
573 300
574 85
575 194
576 151
577 342
578 27
579 298
580 218
581 523
582 250
583 582
584 161
585 136
586 308
587 88
588 132
589 501
590 205
591 20
592 333
593 151
594 144
595 338
596 371
597 207
598 452
599 583
600 114
601 436
602 108
603 119
604 71
605 423
606 87
607 275
608 216
609 114
610 74
