45
21918 18339 25760 14951 20301 21687 23198 16272 15973 17626 17205 24869 13495 21876 24017 25005 22888 24352 20978 15171 24365 18365 17827 53696 15121 21468 24633 26019 25490 14465 19966 20490 21112 15301 15992 14309 53698 13892 23268 15745 24773 19519 21728 25163 24525
20 1
11 20
3 11
44 3
29 44
16 29
33 16
24 33
23 24
28 23
36 28
8 1
41 8
19 41
25 19
15 25
34 15
5 34
13 5
35 13
38 35
21 38
12 21
37 12
17 37
2 17
6 1
32 1
42 6
22 42
40 6
18 40
31 40
39 1
7 6
27 39
4 27
45 40
10 7
14 39
26 39
30 42
43 30
9 27
