510
53209 499103 83713 435443 237658 483066 494617 410612 350609 483555 266228 100009 198396 167574 446418 105768 479784 478230 345556 514812 91283 403076 375205 254940 407826 84280 219069 416829 196332 183613 202811 273031 396592 329482 133552 50817 276236 530617 50971 238839 311658 372594 27687 71139 180492 158969 286283 92537 39221 126657 257121 432239 30319 45986 241149 398675 489457 108469 428451 30506 314934 193424 345005 107889 451785 461934 247589 262661 129544 88782 458227 8119 350002 110475 97761 445903 314299 308095 358625 281010 319485 71526 482416 437909 514820 487385 268482 335720 485331 257501 450667 92026 369025 124373 465731 387968 113525 46527 58922 226854 232210 235921 313623 96636 192701 13506 460723 218007 488416 495466 404380 371805 510217 54694 339881 316506 167068 497669 529492 39617 256384 278996 501003 125071 271777 361209 5212 172937 167667 503524 18355 259064 319516 398561 474469 159308 333178 106240 345262 461024 164018 76382 19330 71540 381703 261701 166738 273858 528821 519477 82760 309520 259708 384130 30672 48567 354826 71317 392663 151848 112842 500084 268841 345482 129989 373150 81215 65255 489029 510397 398410 416349 459107 485451 445674 272163 260630 339408 302963 310635 273314 501702 523722 352558 88973 120736 46055 391555 30215 221771 466468 253186 343930 118410 330009 521949 525907 251115 52093 44346 412652 372066 135086 477037 514772 262038 445818 273798 77604 424375 95049 418491 80629 248367 10351 191298 325655 471951 433911 124049 67388 369399 91632 211797 177897 199843 217683 81861 436212 112056 368652 331058 341268 125792 35166 89496 137250 76160 96910 486600 195098 347888 172547 226926 266325 425499 382589 213416 219389 47883 200312 22104 130724 415379 5949 256866 476338 354882 321309 325443 382897 74659 44352 92402 446490 410223 68230 483542 395551 132294 71409 256154 425950 167283 121884 509521 325280 12923 19608 516410 277274 144628 69243 101132 350037 470310 329448 305265 392754 47355 79175 13054 264480 125950 20341 72144 526232 55672 311343 496764 64052 197074 164705 372820 330204 316911 528423 313786 498504 458999 474529 236366 490360 193332 8911 159756 505202 342984 405186 352075 404276 251736 115616 154644 375524 439058 508550 317959 30542 411120 192005 278138 317980 178999 221444 500395 493167 349991 288437 110387 492345 400329 93470 99990 109727 439862 209310 211701 79265 507127 495617 421464 371954 404955 16101 338916 76204 244779 168554 496368 357964 189065 500595 429362 116072 285765 223581 473781 423271 167388 340464 80668 67229 64149 526126 251623 180396 392306 50062 247715 472557 410839 323983 357409 418830 185982 282702 188828 451935 442847 296903 14592 65507 464658 329628 327719 213101 158864 263551 375350 66994 45482 497447 266595 69653 337740 108149 405411 173148 270523 60588 381990 353281 64272 308535 184584 327836 306964 512600 523393 75838 296551 79713 224662 301188 284473 152884 445958 451464 369151 149697 289313 342551 230126 455808 369542 324733 147023 519487 285284 48236 342518 94627 39916 203467 254138 380100 312927 417156 10429 436867 196391 93282 90173 118161 236741 82359 81551 284590 102332 28553 466188 38263 448241 275256 228840 495664 211885 451227 334851 402388 3351 221946 469557 9769 22981 98267 307700 291973 327428 389115 515910 118629 191371 281300 92977 15187 30413 499390 184485 79129 263665 225493 381194 317598 63715 49859 107492 378841 489702 174221 177800 63483 220112 391619 313319 39474 449484 60662 414783
206 33
180 206
30 180
341 30
149 341
271 149
369 271
357 369
13 357
221 13
420 221
138 420
364 138
499 364
470 499
471 470
1 471
9 1
318 9
257 318
385 257
366 385
288 366
176 288
467 176
142 467
130 142
106 130
419 106
320 419
489 320
414 489
371 414
504 371
233 504
442 233
82 442
183 82
435 183
52 435
432 52
368 432
178 368
275 178
87 275
482 87
464 482
171 464
352 171
382 33
110 504
209 176
224 142
32 1
182 368
53 130
476 364
65 435
267 65
70 267
496 70
441 496
50 441
501 50
406 501
314 406
465 314
18 465
90 18
351 90
169 351
220 169
22 220
491 22
509 491
391 509
338 391
246 338
181 246
196 181
272 196
37 272
66 37
348 66
456 348
266 456
230 266
40 230
340 40
151 340
34 151
479 34
15 479
128 15
355 128
189 355
124 189
473 124
254 473
407 254
370 407
223 370
500 223
227 500
494 227
495 494
331 495
255 331
475 255
69 475
374 69
235 374
394 235
361 394
398 361
334 398
451 334
208 451
197 208
269 197
203 269
283 203
83 283
294 83
123 294
199 123
229 199
422 229
383 422
405 383
210 405
71 210
313 71
324 313
453 324
165 453
239 165
38 239
8 38
289 8
387 289
311 387
126 311
72 181
162 227
77 405
416 229
49 18
277 123
395 311
119 374
163 473
462 387
508 70
244 90
167 33
301 387
115 37
345 269
190 8
174 509
300 69
323 90
392 462
150 239
251 229
172 208
114 37
437 162
219 230
86 235
492 437
43 38
303 441
356 72
258 174
140 230
194 465
305 272
339 239
141 272
327 387
319 124
54 492
112 77
490 289
179 65
14 340
74 406
26 277
381 172
122 381
397 383
413 416
425 37
104 190
329 269
79 254
19 345
290 246
200 69
59 19
363 196
292 370
152 83
108 181
481 494
353 174
460 152
12 223
148 140
458 435
103 391
48 71
393 303
232 43
503 79
493 451
278 194
132 208
347 453
173 422
400 232
358 283
454 509
184 122
375 289
201 465
186 69
452 327
408 59
411 292
488 140
386 148
472 251
41 340
505 251
438 19
11 374
80 438
447 453
187 230
388 339
332 140
98 416
315 227
321 150
93 152
120 173
242 327
88 398
330 374
28 422
344 203
109 416
84 324
417 508
241 315
354 172
153 493
433 460
96 300
384 348
424 70
21 122
51 103
337 374
445 244
57 356
306 458
236 104
377 109
45 323
214 488
89 337
450 306
92 167
312 405
285 450
486 374
91 19
56 93
44 347
105 19
67 242
443 108
310 190
497 491
480 41
302 503
404 497
237 169
217 141
335 59
336 74
262 393
111 397
145 237
85 314
498 336
293 323
362 44
73 237
238 104
134 187
27 96
268 327
25 169
427 344
20 427
259 20
478 259
125 478
68 125
389 68
55 389
249 55
297 249
423 297
6 423
333 6
60 333
326 60
234 326
157 234
131 157
188 131
136 188
63 136
147 63
510 147
421 510
16 421
39 16
161 39
256 161
284 256
430 284
359 430
342 359
42 342
409 42
372 409
240 372
5 240
455 5
198 455
29 198
506 29
439 506
309 439
431 309
101 431
116 101
287 116
168 287
367 168
102 367
349 102
2 349
158 2
95 158
469 95
94 469
185 94
280 185
211 280
295 211
457 295
17 457
100 17
192 100
216 192
135 216
449 135
62 449
328 62
166 328
191 166
468 191
143 468
47 143
487 47
360 487
485 360
279 485
263 279
298 263
502 298
390 502
139 390
215 139
118 215
164 118
264 164
99 264
61 99
121 61
343 121
412 343
276 412
170 276
376 170
261 376
212 261
281 212
202 281
137 202
316 137
373 316
222 373
350 121
31 100
228 166
415 168
97 506
127 439
207 20
322 309
117 62
265 31
483 265
260 143
58 100
459 202
144 373
35 372
23 147
250 29
402 349
78 506
247 207
46 198
133 61
444 430
474 259
175 281
304 121
378 55
64 136
107 198
159 469
446 2
291 100
428 483
307 67
299 307
440 299
213 440
24 213
3 24
403 3
273 403
507 273
396 507
4 396
129 4
245 440
399 33
270 440
204 396
410 33
253 273
296 410
429 3
426 253
10 429
155 245
418 10
317 270
76 507
81 270
226 507
7 226
231 33
225 403
243 204
477 245
286 273
282 7
156 282
308 4
252 24
36 155
75 399
325 231
195 399
248 308
380 308
113 429
448 225
160 296
274 160
177 278
365 33
379 365
463 379
484 365
154 141
401 141
466 141
146 141
205 240
193 33
436 245
461 33
218 461
434 428
346 92
