500
401 403 4323
402 404 8955
401 402 836
402 403 6623
402 405 1166
401 402 5620
404 405 3240
402 405 8963
401 404 6409
402 405 484
402 405 3892
403 404 3062
402 404 3700
404 405 1894
402 404 460
402 403 9244
402 404 660
402 404 9760
401 402 2121
401 403 7717
402 405 9742
401 403 7054
403 404 3414
402 405 3568
402 403 437
402 403 5336
404 405 7950
403 405 1051
403 405 8128
403 405 8133
401 402 4172
401 403 2997
402 404 1507
403 405 54
401 402 7082
402 403 9964
401 405 9289
404 405 8511
401 405 2440
401 404 1986
402 405 3309
401 404 9186
402 405 5228
402 405 4951
403 405 3047
401 403 479
403 405 45
404 405 8479
403 405 9294
402 404 4880
401 404 390
404 405 450
403 405 9443
402 404 8331
402 404 3125
402 405 9608
402 405 9602
402 403 7616
403 404 5255
404 405 8122
401 402 9742
401 405 9055
402 403 723
401 405 1123
403 405 5569
402 405 4807
402 405 9033
403 404 1653
402 403 1059
403 404 5866
402 403 7283
402 405 7604
401 403 7745
404 405 1228
401 402 9430
404 405 2079
401 402 6175
401 404 471
401 402 7963
401 402 7190
401 402 3130
401 402 1258
401 405 5531
402 404 1493
401 403 4533
403 405 5975
402 403 4923
401 404 1416
402 404 1249
402 403 6315
401 404 9100
404 405 6760
401 405 2386
401 405 9330
403 405 3074
404 405 4345
404 405 1381
401 404 3380
402 403 4683
402 405 1703
402 405 91
402 403 9202
402 404 8435
404 405 23
402 403 1902
401 403 3939
401 402 8046
401 403 1514
404 405 6068
402 405 772
401 405 621
404 405 7391
402 404 5828
402 405 4220
403 405 8860
404 405 2785
402 404 6020
402 403 2899
404 405 5797
403 404 1765
403 404 4968
404 405 5907
404 405 7748
401 402 3175
402 403 2698
401 405 9311
403 405 2722
401 403 1372
401 402 3585
401 403 2633
402 404 3543
401 405 1311
402 404 7957
401 402 5942
402 403 6677
401 404 4225
404 405 6041
404 405 337
404 405 5605
401 403 8717
401 402 1707
401 403 9383
401 405 7913
404 405 6546
401 402 5750
403 405 8670
401 403 6208
401 402 631
402 404 1484
401 404 4798
401 405 179
404 405 1152
404 405 9096
403 405 6627
402 405 8447
401 403 6383
401 404 6339
401 402 8825
402 405 5186
401 404 718
401 402 7911
403 405 7574
402 404 9302
403 405 7571
402 404 3867
403 404 7276
403 404 6823
401 404 4437
402 405 7789
401 404 6921
402 405 668
401 404 3177
402 404 3978
403 404 355
401 403 9245
403 404 5346
403 404 3535
404 405 3986
401 403 5170
401 403 3043
401 404 4513
401 402 5861
401 403 845
402 403 1706
404 405 6212
401 405 1307
401 405 3290
401 404 8113
402 405 4673
401 402 1271
401 405 3202
401 404 2212
404 405 6833
401 404 2025
403 405 4145
403 405 5463
402 404 9761
404 405 4901
402 405 451
402 403 5538
401 403 5940
401 404 6539
402 403 3052
404 405 9407
401 403 5019
401 404 5841
403 404 4713
402 403 999
402 404 8450
401 403 2735
402 405 6860
403 404 2791
404 405 3993
403 404 7566
403 404 443
402 405 7337
401 403 9753
401 403 5248
401 403 6832
403 404 678
401 403 9792
402 404 8653
403 405 3089
401 404 2539
403 404 3890
402 403 1210
401 403 7749
404 405 8948
403 405 225
403 405 379
401 403 7811
401 404 5179
402 404 1894
403 405 6494
402 403 7832
404 405 9861
403 405 9454
403 404 1900
402 405 4579
401 404 6839
403 404 1700
402 405 8274
403 404 3842
403 404 298
404 405 5448
401 402 7671
401 405 817
402 405 4530
401 402 1347
404 405 6510
401 405 7130
401 402 5498
404 405 8995
401 404 7301
401 402 74
403 405 7200
403 405 3788
404 405 148
402 405 4385
402 405 3189
403 405 8704
402 405 8543
402 403 3160
402 404 9351
401 404 4234
403 404 8872
403 404 3275
403 404 240
402 404 7669
403 405 4558
401 404 1340
401 404 9585
401 403 3857
402 404 6173
401 404 3076
401 404 4675
403 404 881
401 403 4431
401 403 3274
404 405 6804
403 405 4355
401 402 9471
402 403 9244
401 402 5928
401 403 7466
402 404 5483
401 403 2546
401 405 3727
402 404 5441
403 404 4005
402 405 5611
402 404 9688
401 403 5536
401 405 3888
401 404 2722
402 403 6945
402 403 4302
403 404 8031
401 403 5338
402 405 2724
401 404 4849
403 404 7850
401 403 6611
404 405 4249
401 405 6521
403 404 4526
401 404 5044
401 403 4216
402 405 431
402 405 4786
401 405 5602
401 405 2114
403 404 7494
401 402 6006
402 405 1455
401 404 5382
404 405 7143
401 403 3305
403 405 6364
404 405 7118
404 405 495
401 403 1220
401 405 4422
402 405 1891
402 404 7589
401 402 124
401 404 8559
403 404 3410
401 404 7124
401 405 5017
401 404 4664
401 402 5435
402 404 3517
403 405 9450
401 403 5860
404 405 294
404 405 1765
402 403 306
404 405 9557
401 402 6962
401 405 5512
402 405 2456
401 404 9821
403 405 3409
401 404 2215
402 404 9361
401 404 7699
401 404 5346
401 405 4814
401 402 2486
401 405 8029
401 403 9752
403 405 932
402 403 1955
402 405 4695
403 405 5733
404 405 5496
401 403 8207
401 405 2953
404 405 6829
401 403 9301
403 404 601
402 403 9759
401 404 1265
402 405 8155
401 403 9370
403 405 8252
402 405 4897
402 403 7122
402 403 955
404 405 9541
404 405 1182
401 403 33
403 405 5598
401 405 4860
401 405 1941
402 403 3525
402 404 857
402 404 213
401 404 1281
403 405 1798
403 404 5340
401 403 6121
402 405 6595
403 405 2406
402 405 7687
402 404 2983
401 404 9050
401 404 6080
404 405 4024
402 404 4176
401 404 5824
402 405 6704
401 405 3224
403 405 3542
402 405 3599
401 403 4182
404 405 3619
401 402 4741
401 405 5786
401 404 2415
402 405 467
402 403 3519
401 404 1089
402 404 7960
402 405 5461
404 405 5628
402 403 9264
401 402 5622
403 404 8939
402 403 166
401 402 4555
401 403 2246
402 404 9013
402 405 9985
402 403 4237
402 404 6377
402 405 1918
403 404 4463
402 405 270
401 405 82
403 405 5563
401 405 3820
404 405 5243
402 405 3039
402 403 8675
401 402 4755
403 405 69
404 405 194
402 404 3068
401 405 4659
403 404 9218
402 404 1461
404 405 7372
402 404 6436
401 403 1099
404 405 9337
401 404 6718
403 404 4209
403 405 2772
402 403 3081
402 405 3825
401 404 4037
401 405 2403
401 402 8183
403 404 4613
401 405 9924
403 404 9529
401 405 9428
403 405 4939
403 404 781
403 405 4254
402 404 868
401 404 7421
401 403 4932
401 405 3602
401 405 9043
403 404 9503
402 404 9304
402 404 8268
403 404 8058
402 405 8983
404 405 8607
402 404 6924
402 405 257
401 402 3937
404 405 2306
402 403 3596
402 404 9692
402 404 3487
404 405 3530
401 404 982
402 404 6180
401 404 1661
402 404 4951
403 405 2878
403 404 4400
402 405 2584
403 404 9722
401 402 4712
401 403 4763
401 404 7613
403 405 8589
402 405 3713
402 403 4182
401 403 9773
402 405 2031
403 404 6596
401 404 4562
401 403 9912
403 405 5221
401 403 6137
403 405 7042
403 404 7339
403 405 6296
402 403 1177
403 404 9035
403 404 9757
401 402 8132
401 405 8364
