500
260 489 7117
213 241 3391
305 467 734
232 477 1701
108 209 7219
219 468 7983
79 298 4337
22 453 1113
337 411 5071
244 465 8771
210 228 4130
9 12 8449
147 348 5030
248 360 4674
109 124 9280
299 472 6759
317 322 651
20 171 754
123 455 4788
21 432 2348
196 431 2262
72 215 7912
111 454 780
17 375 8326
217 456 5239
446 486 5855
100 261 4450
91 251 4783
128 405 1602
196 211 5787
325 429 4579
49 360 8017
26 181 4416
94 128 1740
217 491 9719
66 79 9427
92 305 9521
221 476 7393
142 276 4149
3 161 2958
44 419 6793
151 204 1807
172 448 4538
362 433 1529
20 109 8933
457 461 6949
399 472 1041
192 452 9157
101 435 4215
189 248 6333
292 319 33
232 445 4011
1 246 278
121 488 2606
323 408 2957
151 363 8134
103 305 8096
367 463 218
32 136 4886
314 397 6400
183 211 1858
310 402 3979
443 464 5413
291 481 6856
253 339 7105
315 374 4682
116 211 6795
153 260 6210
292 487 207
23 447 2560
116 313 5324
45 472 9673
71 458 3546
138 183 3996
136 170 2480
208 416 6633
13 61 2387
182 471 3647
166 302 3531
80 276 6534
203 284 5049
332 401 2410
255 386 4749
249 362 283
61 190 9499
38 485 6424
35 39 3817
78 361 1123
250 286 2855
59 86 5752
236 493 2849
324 478 8608
21 169 4953
73 277 5129
318 388 6215
17 58 7612
98 259 6199
153 188 4056
198 320 6533
65 467 1736
266 439 2436
107 414 752
103 323 2320
85 473 7669
284 320 4219
209 433 8070
147 464 2872
327 422 7229
27 93 4052
225 354 2344
181 474 3461
41 145 420
132 435 2753
22 49 5861
15 169 6400
353 409 8885
118 343 4770
4 216 3269
299 364 5138
132 298 4597
22 144 6357
179 196 4179
187 283 4104
225 226 255
244 375 7717
150 210 1224
258 417 6415
5 201 3849
34 201 8086
39 266 9379
19 115 6813
117 254 1113
138 358 6851
355 485 4338
5 141 9462
217 375 3206
61 278 8888
34 414 3373
59 473 7681
32 369 2836
286 445 7271
141 476 2923
57 78 4968
278 385 3816
92 146 7687
86 328 1548
26 438 6427
128 423 5116
213 439 2333
198 224 4316
232 480 4004
201 402 3009
395 486 1566
59 354 391
206 259 1157
67 383 7161
158 362 9848
487 494 5321
177 464 7737
186 345 3218
143 194 8648
342 440 1245
129 328 8299
123 165 9244
113 209 112
21 148 4804
197 314 2562
271 436 9828
271 430 5008
76 377 7890
144 347 612
338 486 4232
140 465 6878
299 420 9333
381 447 7319
260 351 9522
191 310 7942
293 486 9269
124 276 5072
53 271 1254
55 476 4083
50 476 9098
71 157 6210
254 413 7058
92 207 4465
117 436 8745
61 336 6510
292 477 8859
100 436 2390
91 238 1134
41 206 2150
189 343 1640
300 472 8944
202 379 3725
35 387 1188
129 424 4039
173 484 3725
171 451 8992
94 212 3604
324 396 2672
291 468 8956
43 171 2026
298 445 8540
320 359 3378
265 406 3273
104 233 1561
365 439 197
331 472 3921
80 287 787
437 495 6057
115 434 8182
32 485 66
83 432 2064
193 434 4975
211 388 6176
105 422 9096
303 496 5249
99 477 1403
23 150 6447
265 372 2186
185 354 4049
5 117 1560
397 432 2797
293 343 6235
104 233 1592
95 251 6939
282 356 5401
167 291 7331
124 188 8531
75 207 6231
156 458 796
310 355 4133
9 304 1881
315 476 6691
198 217 273
298 329 9450
45 171 1535
197 396 1316
175 349 8418
40 399 1515
367 468 2546
247 401 8633
46 337 5797
204 225 4931
342 370 2132
280 323 3049
86 364 7882
99 177 3451
179 314 3561
442 452 3341
186 270 1340
390 482 8068
89 343 8231
13 49 54
74 439 6161
255 494 8883
167 215 8558
206 339 2943
341 355 9404
76 222 5054
393 443 7234
248 363 6249
446 480 1487
85 234 7911
243 480 1532
13 468 8027
160 225 6497
134 291 5376
318 449 4380
103 169 6539
61 159 8181
89 428 7550
8 411 5966
315 333 7615
305 402 1527
438 449 503
123 375 1163
299 358 2284
394 473 931
255 282 9830
68 389 8721
182 276 9347
338 345 8727
55 67 8582
65 414 6956
113 411 7780
26 42 9684
139 346 7663
116 208 1982
91 444 1173
272 427 7930
315 411 3321
13 20 1383
137 176 1988
215 474 8927
70 468 8960
279 430 5835
4 50 1565
202 356 9596
282 385 4710
38 247 9504
317 464 2893
1 184 6336
257 433 4494
148 276 2315
37 46 8871
278 425 1455
191 398 7579
301 425 4764
122 138 4885
116 480 316
50 246 2927
35 412 265
46 97 8758
121 422 1524
10 92 2257
14 81 3905
359 377 7707
204 327 2965
206 234 3726
381 481 2854
25 182 160
94 356 1363
107 238 8595
7 61 8437
34 264 4289
300 349 6534
90 272 2196
204 233 8832
169 381 442
111 183 3923
345 388 8121
199 380 5899
115 414 3171
434 455 1415
116 339 5406
242 425 6849
166 491 4535
77 203 5181
74 154 1271
347 404 2140
376 425 9817
134 351 2845
81 260 4254
442 492 4784
128 182 5462
16 472 9263
236 463 2964
263 473 9265
159 485 1316
274 389 7147
58 441 413
306 432 8722
144 313 6590
5 168 9337
124 156 6978
250 286 6633
417 418 8332
327 463 1803
55 186 6470
204 434 6797
37 211 9885
236 332 5137
211 260 1189
25 186 800
82 158 9191
127 419 640
438 449 6881
66 363 6941
244 398 5193
56 378 6234
5 124 1344
42 280 6469
338 449 2792
77 316 5292
270 336 3957
30 400 2675
85 365 2427
237 428 9491
82 174 2161
26 253 2069
79 114 420
110 438 98
13 266 9195
162 488 9767
42 319 9130
191 244 12
153 442 4573
143 236 9750
406 413 9670
311 348 236
41 54 8841
166 406 8440
304 422 4747
215 423 753
85 86 1045
285 342 2593
391 420 1140
407 425 216
103 303 1802
162 344 1258
238 342 3489
313 493 3417
387 464 6141
241 367 4546
237 378 1745
70 289 6058
156 305 42
301 377 3080
200 480 9052
94 130 1631
180 490 6723
45 492 4124
215 291 1203
77 352 7607
205 395 7638
24 480 8938
222 430 1594
20 83 1678
274 418 8342
85 135 488
127 240 4060
232 243 2911
25 129 1976
198 222 462
84 357 7869
42 449 2338
133 462 4828
31 370 4887
139 288 327
268 331 9314
107 477 1928
106 491 8737
200 458 1669
99 216 594
90 281 9934
120 454 4526
364 449 4523
358 362 5658
338 447 9580
382 430 7606
200 220 9324
169 489 765
258 374 4270
199 480 5947
141 202 1470
399 480 8289
440 492 4994
51 483 3185
175 416 8962
346 393 1033
74 363 5196
324 461 7129
387 483 7243
12 200 7092
380 417 3478
31 203 5174
451 495 4634
169 250 1855
302 485 2545
459 482 5948
126 197 1685
310 471 3553
165 265 2571
212 284 7744
371 406 6952
104 177 4070
21 229 4731
12 44 6920
420 433 7796
232 477 6976
13 128 6612
324 474 2169
37 230 855
76 218 4175
96 354 3145
205 224 9008
99 330 769
262 455 4432
37 179 6675
272 335 5903
76 141 3112
261 401 9406
95 315 8767
354 465 8764
39 180 1003
105 199 2874
95 203 9591
128 225 1568
189 329 8792
1 183 1115
52 428 9939
273 490 1066
46 391 9881
33 152 6252
163 298 38
62 232 2078
72 181 6213
61 453 9285
222 462 7383
