5000
1545 2344 5362
2207 2956 1385
1384 1501 4957
1592 1741 3563
3015 3440 948
3398 3413 5645
2350 2827 7573
2892 2932 3242
1466 2400 4965
2164 2434 6419
2427 3340 8249
1795 2538 9022
1178 3349 6205
2762 3123 2757
2423 2761 2451
1330 2598 8055
1427 2393 4061
1613 3078 1195
2796 3371 8384
1907 3354 5635
1271 3025 603
1223 2569 3603
3425 3494 3403
1776 3233 4926
1658 2825 7636
1384 2966 7275
1151 2071 1010
2140 2943 899
2187 2338 8681
1599 2140 619
2324 2530 1389
1015 1846 8148
1524 1702 4686
1073 2369 6996
1557 3373 9703
1119 3230 8728
1100 3159 2104
2482 3143 4003
1771 2936 9480
2194 2493 2762
2830 2994 7549
1374 2530 7602
1817 1965 8380
3025 3464 8977
2043 2411 6071
2386 2855 2446
2372 2968 1650
3061 3353 7688
1823 1905 4419
1260 1949 4332
1792 2350 7621
1904 2319 3663
1352 2571 5466
2187 3017 4135
2052 3398 1999
1204 3259 6734
1660 2770 2201
1918 2204 4560
1762 2260 7922
1733 2427 912
2624 2998 4554
1610 2864 6739
3057 3317 7482
2444 2809 3211
1896 2939 6140
1327 3145 3990
1361 2657 9479
1854 1966 512
1780 2673 1308
2511 2653 6853
1562 2437 6813
1589 3481 5541
1801 3346 4706
1468 1685 7440
2228 2806 1292
3382 3405 2207
1645 2815 9010
1416 1588 2229
1117 2149 1865
3043 3140 8869
1686 2040 8569
2093 2297 2720
2116 2456 9635
2776 3176 1468
1029 2389 4938
2967 3182 7738
1605 3024 2501
2561 2664 7681
1013 3125 6092
1490 1615 2366
1365 2451 8074
2344 2479 54
3216 3336 9217
2952 3169 4582
1383 1839 4989
1430 3051 4201
1913 1916 6919
1042 1145 7433
1432 1822 3590
2148 2368 4960
1221 2421 6405
2469 3211 4957
1485 2978 5525
1154 1660 8419
1657 3179 6896
3437 3486 7398
1551 3121 5520
1370 2863 7098
2029 3326 4583
2071 3406 5278
1434 2746 8290
1361 2049 3604
1975 2974 6072
1138 2841 8842
1973 2371 6585
1963 2692 9685
1307 2877 7491
1311 1442 5293
1827 2952 3138
3348 3446 9155
1916 3023 126
1561 2556 8521
1533 3146 1610
1231 2232 6907
1644 2999 3637
2588 3383 2805
1363 2749 8601
1579 2623 6354
1215 1260 9319
1861 2434 6212
1088 2475 3109
2907 3339 5162
1999 2758 7792
1096 2965 7644
1147 2840 677
1222 2360 6063
1409 3479 4003
1402 1590 8316
1308 2071 4264
2339 2622 3710
2931 2976 724
2123 3338 88
1073 2488 3839
1413 2656 3066
1041 2117 8850
1742 1774 743
1977 2762 2339
2523 2738 872
1764 3345 9445
1620 3176 6140
1475 2144 2631
2465 2766 898
1049 1540 5427
2454 2753 4337
1910 3153 1659
2097 2294 1251
2817 2916 2578
2193 3313 4801
1341 1607 6431
2974 3254 7390
1989 3396 5433
1099 1632 2741
2488 2705 61
1097 1967 7009
2114 3382 3111
1478 2011 1379
1197 2612 7834
2701 2976 7530
1673 2888 609
1334 3171 8441
1936 2085 3246
2812 3102 4113
1093 2423 2383
1499 2344 7046
1629 2699 5167
1613 2134 1761
1545 3491 7440
1849 2193 5330
1991 2278 2366
2023 2316 1271
3116 3370 1633
2615 2755 882
2643 2788 7757
1353 3095 4718
1802 3460 9890
1278 3372 2460
2380 3373 3988
1551 2427 1339
1170 3255 4631
1290 3433 6116
2299 3240 9595
3317 3466 9180
2850 3217 8817
2052 2109 9007
2853 3262 9224
1572 2608 3281
1966 2235 5003
2774 2830 1424
1385 3184 3919
1263 2964 6528
2649 3259 8984
1774 2785 4514
1251 2623 3799
1341 3386 5608
1303 2270 5417
1578 2302 2530
1709 3386 7333
2875 3170 6168
1325 1618 7204
1229 2701 3400
2831 3159 9906
2417 2511 8782
1090 1865 2177
3193 3362 6585
1633 2597 1699
2458 2563 3291
2225 2945 705
1645 2859 2103
2820 2884 1748
1460 3422 6969
3055 3288 4933
1958 2925 8811
1119 1874 4876
1620 2251 6120
2001 2422 7038
1054 2021 665
1696 2891 2112
2788 3131 6256
2093 3418 2030
2549 2695 9149
2676 2914 2181
1243 2524 8126
1175 2594 2772
1261 1656 6006
1938 2558 9192
1210 2154 4060
2414 2838 1132
3000 3450 1415
1187 3033 7640
1423 2329 2341
1630 2721 6146
1067 2305 183
1487 2265 2578
1390 1758 6724
1974 2583 931
1860 3362 1680
1614 1808 2134
1962 2462 7887
1156 1172 6567
1033 2318 8929
1966 2301 3824
1608 2986 5051
2483 3277 173
2513 2918 6065
2342 2758 4037
1688 2096 9314
2206 3171 771
2087 2825 1352
1442 2352 4798
1461 2705 907
1496 1798 8367
1559 2965 5233
1624 3175 8358
1491 2197 7189
1682 2929 1375
3199 3464 8071
1520 3380 4312
1012 1258 9005
1130 2871 1391
1547 1607 575
1092 1544 6774
1622 2284 2257
1981 2189 5273
1288 2104 6329
1569 3467 4484
1027 2671 1435
3362 3412 1004
1048 2659 2448
1449 2118 30
2623 3164 206
1739 2128 9657
1477 3392 3341
3357 3371 1163
1268 2718 8460
1942 2665 2500
1237 2841 2955
1622 1717 4682
1669 2705 5586
3095 3358 466
2663 3141 5254
2278 3102 5126
1427 3002 448
2267 2607 8810
2339 2816 226
1601 3002 7250
1326 2861 8945
2673 3240 6293
2035 2438 1837
2114 2155 8441
2025 3144 1490
1501 1896 3068
2310 3146 2068
1957 2350 3294
1317 1402 1633
1588 2140 1624
1189 3469 587
1462 2069 2502
1346 3474 5008
1221 3465 532
1103 1514 7906
1297 1398 4581
1579 3273 5137
2551 3397 360
2840 3273 2043
1001 2086 9985
1796 1818 6919
1244 1717 3434
2597 3092 9041
1114 3226 8569
2097 2251 9062
1006 1242 2645
3266 3338 6045
1289 1564 8907
2481 2560 7538
2666 3310 9634
1483 2998 1471
2009 3070 8390
1025 2450 2484
2038 2094 7980
1204 1212 8638
2319 3037 3468
2960 3063 1742
1601 2126 5863
1121 1357 2270
1113 2926 2754
2107 2545 6905
2215 2545 3374
2263 3131 4662
2243 3201 1849
1364 3397 6150
1116 1540 4829
1369 2448 3940
3103 3120 8673
2308 3323 6820
1771 1915 6327
2674 2852 833
1768 3188 2378
1192 3262 6013
1647 3107 4582
1271 2747 876
2386 2936 9407
1899 2602 746
2572 2650 1659
1766 2414 336
2297 2341 1564
1086 1729 7585
1269 2700 3384
2088 2225 7661
3116 3310 9503
1580 2581 5469
2956 3035 5673
2715 3324 6049
3107 3388 6039
2507 2673 493
2346 2531 6779
1373 2441 2829
1014 3034 3738
1651 2076 5637
1006 1783 1663
1663 3198 2309
1206 3273 6836
1782 3197 5474
1021 3342 8396
1467 2564 5515
2465 2610 7998
1397 2359 505
2009 2779 5561
1781 3292 7145
2387 2956 5633
2534 3230 4389
1485 2954 4723
3039 3268 4390
2852 3057 1387
1196 1520 704
2545 3012 9225
1082 3024 4695
1413 2830 9174
1617 3028 9852
2132 2606 368
2101 2475 8007
2562 2638 4282
1316 3164 7144
1735 2722 7637
3375 3472 9057
1128 1972 9152
1146 1563 5190
2810 3215 6028
1882 2548 2084
2226 3431 2432
1804 2110 802
1268 3066 2222
2922 3101 6836
1652 2638 9111
2197 3054 5954
1873 2206 373
2200 3376 3253
1571 2325 296
1817 1843 2257
2302 2454 7699
2923 3055 8214
2121 2304 2412
1473 3177 6339
1935 2084 8719
1909 2313 5379
1957 2927 7338
1112 3421 9585
1753 2114 8240
2465 2683 1180
1035 2977 4595
2079 2172 5031
1378 1637 4023
1969 3491 9275
2488 2592 6708
1450 2764 8176
1537 2117 3905
2245 2997 7739
2192 3140 3418
1364 3112 1009
2077 2154 1043
1812 2119 6868
2087 3066 6480
1573 2024 918
1618 3092 9460
1376 2749 7195
3183 3297 5133
2633 2805 6015
2004 3353 470
1042 2929 5083
1535 2248 9194
1203 3411 9738
1395 2854 858
1895 2949 2374
1284 2120 4789
1418 2537 9825
1006 3270 1527
3011 3452 3046
1373 2037 3414
1477 2720 3941
1801 2843 3151
2014 3080 9851
2218 3419 9286
2140 2318 3539
1673 1800 8487
2895 3115 1994
2544 3470 5154
1340 1846 7698
1484 1549 3853
2959 3167 6182
1208 2956 5419
2017 2885 2498
1249 1824 2870
1393 1827 4513
2368 2696 6087
1708 2400 9287
1584 2403 548
1777 2471 7634
3043 3172 2768
2319 2351 1888
1929 2355 8037
2609 2645 1208
1655 2271 6898
1647 2666 7039
2311 2623 9067
3194 3359 4616
1307 2875 9636
2239 2550 4806
1259 1550 880
2245 2378 1704
2140 3265 4479
1635 3103 8696
1199 1969 2577
1486 1887 5829
1858 2219 2198
1273 2471 1973
1759 3172 5873
1264 1303 1438
2018 2824 838
1820 1983 6431
2538 3057 3140
1153 1491 7179
1839 3356 4197
1386 2441 1782
1377 3257 3508
2296 3440 1476
2947 3306 9801
1614 1855 835
2091 3412 3768
1147 1318 5993
1234 3464 721
2862 3188 828
1544 2031 1514
3250 3362 8664
1330 2003 272
3139 3258 1173
1683 3007 8097
1593 2417 968
1205 2667 8607
1876 2974 7101
1719 2342 75
1238 2696 2358
1885 2497 5967
1925 3468 3448
1109 2487 7619
2057 3140 1849
2751 3438 1088
2292 3015 4312
1831 1941 6299
2575 3102 8607
2490 3198 3059
1927 2766 2980
2303 2646 5359
1938 3170 5631
2866 2879 9129
1479 2883 9516
1868 3123 9456
1287 3240 1522
1328 1688 5971
1297 1925 5203
2669 3022 241
2076 2480 8555
1309 1745 7203
1693 1760 1939
1339 2194 6392
2374 3089 8301
1511 2451 6471
1483 3154 2342
1444 2958 5368
3079 3144 4221
2763 3453 298
2180 2747 1763
1021 1378 1463
2219 2548 5904
2454 3425 681
1349 3141 60
1962 2614 4341
1575 2108 1563
1984 2194 3654
1925 2234 8070
1963 3475 2343
1510 2908 7901
1367 1520 9461
2135 2627 5028
1814 2119 3720
1374 1783 182
1753 2670 7144
1968 2486 6513
1526 3011 8627
2590 3321 9562
1252 2812 5581
1666 2156 3973
1058 3220 3479
2548 2676 1400
2789 2915 1269
2744 3380 6334
1228 2602 6441
2384 2772 5248
1029 2453 5246
2268 2399 7629
1761 2221 6321
1511 2175 3300
2183 3367 2350
1654 2717 7519
2495 3207 8863
3195 3427 4776
1006 1550 6091
1554 3030 4189
1593 3403 9806
1824 1859 9930
1020 1072 9413
2476 3033 9856
1995 3464 6279
2508 2838 5654
2154 3063 5975
2735 2919 8309
2516 2776 4598
2551 2678 5549
1793 2137 4840
1877 1968 8538
2088 2162 7248
1305 2431 2099
1221 2916 8170
1453 2349 3142
1179 2723 1151
1054 3243 979
1196 1823 921
1954 2119 278
2202 2458 7125
1266 3384 8382
2593 3285 6539
2664 2932 3495
1127 2103 5195
1701 2686 2160
2370 3359 7989
1088 2355 4820
1500 2907 7554
1739 3256 6294
2143 3272 5133
2504 2778 2090
1728 2156 2200
1234 1688 8334
2208 2304 2525
2852 3321 8417
1765 1775 6964
1239 2188 2877
1020 2891 3904
1496 1878 2955
2877 3102 957
2901 3364 2741
2235 3256 6146
1749 2546 4666
2412 2652 5304
1953 3454 7026
1517 2384 6688
1514 3288 2669
2295 3322 7337
2018 2602 9594
1855 2518 7547
2691 2976 1469
1621 2547 7878
1573 1619 9258
2400 3470 2173
2011 2812 8159
1934 3435 5049
2247 2508 1376
1059 2794 273
1085 2849 75
1252 2728 1287
2109 2447 9402
1239 2152 8356
1985 3166 6155
3428 3429 3670
1584 1591 4943
1148 2488 4552
1518 3400 8226
2948 3185 1237
1828 2147 3912
1492 2604 7579
1806 2985 7029
1570 2714 2821
1940 2827 761
1479 1607 2300
1449 3201 4221
2955 3339 8614
2663 2799 1772
1514 3082 5936
2177 2769 5953
1183 2960 9685
2104 2544 7868
2083 2278 3699
1009 2220 1740
1793 3166 6791
2494 2842 3349
2035 2858 7093
1374 2645 7490
1697 2260 9221
1128 1341 4587
2809 2913 3411
2506 3296 5427
1784 2726 7582
1345 1623 5536
2651 3334 7662
1165 2313 9701
1292 3067 6043
2252 3110 5049
1395 2393 294
1609 2851 5080
1124 1150 5809
1570 3013 5797
1330 1589 2257
2629 2707 1624
2205 3416 3837
1847 2039 6565
1967 3451 7833
2799 2882 7986
1527 1628 69
1026 2693 8492
2655 3259 8819
1107 1260 2344
1480 2438 1160
2196 3221 3393
1421 2159 8713
3046 3398 4861
1709 3091 7921
1577 3134 9724
1297 1662 6611
1639 1756 179
1368 3325 4984
1756 2714 1745
1956 2164 771
2077 3452 3198
2275 3446 2917
2299 3385 3375
1413 2926 9590
1467 1849 7865
2454 2839 9090
1078 1136 4304
2007 3141 4553
1617 2692 9139
1163 2414 2717
2852 2896 173
2331 2716 2186
2376 2642 5048
2017 2713 6323
1362 1473 9204
1615 2661 9541
1221 1308 7027
3260 3458 8008
1318 1573 7847
1085 2322 4668
2410 3063 2996
1784 1991 4821
1091 2785 4472
1694 2165 8661
1834 2471 1858
1386 2031 8922
1644 3454 598
2119 2861 4330
2124 2243 1444
1096 1674 9449
1464 3286 1769
1628 3235 5646
1415 2878 5541
2086 2552 9472
2006 2614 1058
1113 1419 838
2274 2617 5312
1564 2821 8335
1353 2446 2984
1397 2603 371
1644 3056 6598
1332 2389 7702
1038 3473 6960
1122 2030 2372
1874 2223 1759
1604 1614 348
3267 3370 3727
1043 1945 9006
1399 2437 5511
2508 3232 3578
1205 1894 7231
1550 1757 3938
3122 3361 3441
1056 2950 6001
2173 3270 3449
1584 3489 7783
1264 2751 6924
1867 1907 562
2262 2442 773
1453 3178 2610
2537 2964 5478
2162 3188 6615
2359 2465 2536
1827 2691 6371
1295 3362 1852
1524 1788 1350
2012 2738 9703
1140 2147 3550
1801 2463 557
1796 2015 3902
1044 1148 9244
2151 2496 5987
2619 3481 395
2145 2736 8037
2240 3315 7199
2286 3387 8032
1329 1377 5887
1219 1360 2978
2302 2554 1368
2125 3014 225
2255 3458 7328
1727 1949 7776
2360 2981 877
2983 3133 3947
2502 3169 5117
1339 2307 4087
1200 1298 3186
1024 1996 3694
2017 2453 1077
1810 1890 1799
1561 1767 3043
1666 2241 3581
1208 2750 5683
2804 3437 73
1194 1775 525
2575 2901 3482
2155 3314 8281
3164 3356 3854
2368 2609 8242
2097 3416 6404
1154 1419 6991
1105 2087 7847
1973 2507 5730
1781 3430 3103
1736 2600 3590
2691 3004 3798
1572 1884 9155
2792 2927 2817
2249 2472 4178
1232 1457 6131
1967 2610 1122
1115 1265 7968
3114 3181 1366
1932 2494 218
3389 3410 3437
1388 2848 4476
1783 2211 6504
2339 3459 4041
1843 3229 9342
1127 3480 5251
2829 3219 5938
1109 1753 9975
1388 2711 7189
2649 3123 9511
1819 2309 4795
1290 3201 4783
1349 1685 1574
2507 2609 142
1845 2042 9981
2419 3324 7155
1183 2179 407
2943 3078 9584
2793 2909 4401
1510 3308 6328
1885 2631 1122
1477 1640 3320
1937 3202 3589
2957 3272 4479
2705 3178 4116
1458 1706 3698
2456 2619 3966
1690 3021 6509
1678 1939 7035
2298 2678 2190
1318 3204 7517
1821 1825 662
1981 2311 1164
2527 2544 344
2326 3477 1717
3306 3399 7926
1159 1329 2487
1907 3132 9413
1884 2766 9775
1714 1856 4171
1028 2539 9892
2358 3361 8713
2407 2673 367
1114 1889 8684
1798 3064 9692
1580 2128 3136
1311 2342 5700
1260 2413 9479
2204 2438 6194
3153 3190 4917
3062 3169 2564
1459 2336 2554
1421 1682 8236
1810 2746 1117
2124 2348 560
1548 1610 1098
2355 3143 9779
1375 3075 4815
1610 2059 5096
1936 2842 5497
1507 1780 6732
1931 2813 2018
2319 2383 3378
2310 2797 1176
1650 2484 4640
2167 2266 6555
2626 2847 757
1744 2636 8150
2310 3300 813
1554 1646 7942
2246 3484 2573
1470 2313 9350
2602 2630 9563
2550 2753 5263
3172 3313 926
2173 3134 8946
1109 2100 5053
2845 3370 1411
1395 3196 1814
2108 2471 1884
2443 3200 2786
2068 3110 6105
1037 2162 5415
1403 3009 7597
1357 2762 6711
1205 2715 2181
1118 2463 6937
2054 2679 1505
1615 3102 708
1118 2560 879
1149 2918 5070
2094 2763 9517
2086 2709 2299
1313 3165 5778
1026 1087 2194
2353 2869 1171
1547 2392 3434
1430 3412 9411
1462 2008 8689
2273 2558 2112
1348 1809 8419
2800 3115 6153
1316 3270 5555
1390 1743 2542
1719 1771 9319
2171 3355 5852
1349 1671 1498
1122 2429 472
2003 2397 6073
1430 1521 3024
2334 3302 360
2387 2446 2602
1524 2941 1553
2670 3134 8198
1069 2737 9117
1495 1768 9531
1353 3423 6848
1768 1827 9162
2365 2634 8054
1274 2757 9363
1474 1845 4294
1625 2197 2670
1363 2192 3078
1485 2683 6030
1287 2534 2618
1024 2465 5993
1302 1815 2449
1236 2825 1087
1207 1907 6985
1093 1294 4957
1036 2974 1767
2815 3457 314
1673 2502 190
1469 2481 7753
2004 2339 9782
1969 3414 6789
1548 2091 3785
2208 2681 4275
1434 1880 1687
1532 2941 2787
1867 3296 7620
1492 2492 6812
2303 3303 7151
2750 3122 1832
1431 3281 8352
1233 2452 8943
2240 2518 4418
1428 3490 7834
3194 3315 5797
1107 1553 2144
1586 1828 5699
1804 2057 3790
1727 2243 4055
1907 2925 9489
1444 1849 5542
1543 2274 9944
1441 1657 8325
1464 2779 1193
2124 2652 6739
1189 2975 7446
1807 3172 971
2049 2325 7020
1174 3388 2141
2236 3084 323
2450 3390 8205
2016 2644 9978
2465 3423 6246
2245 2571 3697
1417 1826 3624
1279 2932 9369
1521 2947 9823
2150 2933 8906
2911 2993 2335
1262 1978 775
1349 2537 3151
1724 2205 271
2489 2512 424
3163 3417 3444
1255 3050 1728
1239 1703 2547
1593 2005 5187
1966 3010 1359
1203 1797 4679
1528 2951 4468
2895 3412 108
1325 2705 3454
1164 2295 9479
1042 1174 4474
1283 3394 599
1813 2525 8491
1183 3200 2033
1197 2906 437
1535 3024 7673
2251 3420 611
2409 2709 9381
1506 2254 4666
2176 3077 6781
1827 1984 6733
1562 2006 6001
2021 3008 1008
1461 3305 1181
1374 3184 3204
1376 2559 4278
1625 2695 9919
1396 1558 477
2173 2722 7227
2696 2784 4205
1860 3228 6016
1471 2459 1228
1622 1741 8994
1328 1409 3570
1282 2674 8813
2078 3466 7757
2100 2493 5800
2066 2614 4601
2089 2540 5295
1363 3373 3982
2135 2278 573
1416 3151 9323
1235 2835 2478
1197 3067 1938
1077 2217 9156
1544 3182 136
2898 3087 4552
2770 2887 5720
2374 2820 5276
1394 1788 7680
1480 3255 7006
1382 1677 498
1298 1305 7662
1967 2678 4687
3001 3127 6393
1279 2385 5050
1497 1607 3713
1838 2316 2781
2536 3189 7152
3187 3308 1915
2466 3433 1120
2198 3259 3077
2590 2813 5694
1829 2449 6201
1484 1829 8842
1185 3226 8465
1212 2407 9557
1160 2428 930
1616 1977 9241
2178 3265 8719
1257 2278 8820
2779 3354 7350
1606 2518 7194
1346 3192 6371
1014 1318 7554
2336 3064 1683
2761 3162 1145
1184 3259 5551
1766 3491 4107
2901 3008 1521
1022 1328 9759
1383 1929 8579
1196 2316 6439
2779 3121 4051
2298 2501 8960
1003 1196 978
3214 3487 8672
1078 2454 5680
2943 3482 1548
2008 3133 5618
1607 1611 5205
1987 3443 8454
1490 1693 2041
2484 3489 5411
2216 3234 1467
2253 2507 1977
1768 2303 3314
1770 1954 323
1605 2878 2126
1891 3235 8791
1192 3235 9907
1723 2236 2027
1938 3038 5527
2513 2710 6133
1542 2770 2303
1203 2777 2807
2317 3162 6154
1320 3405 3431
3130 3402 3668
1236 1416 5394
3251 3263 2407
1428 3220 5395
1733 2289 9115
1982 2502 4296
1670 2039 952
1358 2321 9974
2145 3047 2361
1270 2847 7432
1021 3418 2420
1831 2646 1764
1894 3152 4694
1002 2117 8516
1745 2523 7124
1938 3341 6016
3347 3351 2712
1199 3084 3540
1505 1866 1180
2176 2541 7968
2362 2814 8892
2376 2483 1213
1778 3496 3690
2844 2916 2964
1384 2375 8184
3115 3424 2577
2338 3416 9045
1896 3216 3591
1981 2965 8359
1758 2769 8627
1638 2042 1102
2592 3473 5205
1216 1390 1081
1836 2677 7570
2743 3470 9190
1279 2012 730
2462 2900 7634
2762 2975 8398
2464 2487 1414
1519 2094 7892
1638 1797 4595
1447 2357 7795
1847 2511 4053
1979 2266 7243
2397 3315 4455
1827 3114 3684
2817 2926 1767
1904 2774 2158
3156 3303 904
1712 3150 9181
1558 3232 7985
1664 2129 3968
1892 3154 6255
2009 2058 6002
1472 2045 108
1852 3293 8654
1258 2951 3991
1253 2075 1781
2196 3222 9302
1072 1545 1697
1535 1962 5565
1148 2859 5869
1518 2905 2886
1838 2390 6168
1905 2727 7471
3071 3126 5743
1455 1489 3795
2075 2320 873
2134 3205 9685
2025 2842 283
1151 2467 3633
1251 1497 3647
3363 3393 1030
1270 1520 7985
1193 3419 5797
1457 2984 4553
2592 2766 2970
2757 3013 5409
2050 3180 6655
2439 3485 5509
1517 2977 4816
2255 3449 1163
2264 3204 3955
3143 3446 2419
1251 1652 522
1195 3268 1892
1185 1270 9027
1295 1831 4918
2476 2739 2908
1084 2703 6766
2006 2749 8107
1682 1851 1499
2739 2945 3754
1655 3386 3158
1413 2926 5658
1988 2866 8490
2322 2582 4479
1057 1927 8203
1447 2157 9413
1041 2728 3825
1200 2479 3390
1461 1544 9597
1040 2331 3855
1308 2813 382
1052 1990 9270
2093 2333 3629
2252 2916 4576
1503 2957 6273
1883 3355 4590
1918 2577 6383
1741 2327 8021
1751 2449 716
1861 3320 5038
1456 2971 568
1376 3105 3396
1334 3430 9544
1183 1356 1647
2729 3067 4951
2886 2995 1499
2730 3470 3543
2281 3475 311
1320 1678 4910
1212 2224 337
2736 3207 7217
1299 1953 4679
1149 1885 3128
2322 2799 5024
2709 2757 509
1095 2234 41
2127 3372 4369
2253 3039 9105
1268 2484 7351
2476 2643 65
2120 2716 8374
1739 3112 7675
1664 1832 7362
1155 1966 6821
3002 3131 2743
2682 2840 5177
1996 2878 7462
1851 2444 6204
1434 1775 4958
1653 2212 7938
3090 3495 4699
1125 3025 7255
2851 3135 6978
1373 3113 8540
1445 2123 6375
1073 2006 3273
1278 2193 7232
1844 3053 6729
1359 2711 2457
1593 2446 3034
3054 3361 4620
1973 3024 3969
2010 3432 795
2587 2720 7829
1222 1358 2455
1650 2995 221
2391 3085 9930
3018 3345 9236
2882 3309 248
3325 3345 7245
1365 2987 2030
2526 2968 2260
2090 2621 6734
2114 3382 9241
1859 2313 7392
1859 3107 9105
1257 1432 9474
1383 1899 1492
1761 2932 6890
2585 3172 3248
1238 2904 7123
2347 2997 7909
1075 1545 1172
2191 2599 25
1932 2771 8133
1853 3290 4396
3387 3411 5829
2260 2766 8937
2390 2510 1301
1664 3118 7962
1059 1267 1081
1040 3428 396
2365 2658 2568
1198 3391 8334
1882 3052 3943
2324 2732 3408
2259 2933 1661
2069 2547 8811
2603 2997 7934
2460 3426 3472
1234 2635 2875
1426 1485 3525
2073 2513 8334
1373 1716 7652
1116 2078 3667
1348 1534 1593
2171 3366 3142
1133 1738 1404
1476 2369 5035
2466 3035 5858
2844 3167 1069
1040 1589 2479
1291 2756 7112
1267 2357 948
1289 3228 1027
1079 2033 1906
1656 2121 1748
1170 3009 6776
2328 2825 1078
2609 3463 79
1102 1926 4853
3071 3485 4211
1462 1938 4244
2473 3032 3228
2517 2571 9336
2779 3374 1054
1113 3316 6981
1671 2801 9674
2198 3399 6680
2054 2257 4459
1614 2099 2461
1586 2877 2910
2066 3439 2038
1985 2117 7563
1940 1981 5485
1109 2634 5296
1771 2696 7264
2880 3227 5997
2978 3266 2326
1487 3082 2423
1850 2409 3718
2372 3207 2246
2417 2911 6840
1315 2320 9914
1361 2320 8279
1294 2456 8466
1126 2447 3318
1212 2971 5736
1265 2429 3141
2057 2778 7933
1127 2587 8314
1604 1682 4679
1124 2831 3132
1462 2361 8604
2263 3354 9897
2335 3255 5076
2601 2830 9458
2370 3009 8625
1596 1665 8622
1339 3464 8581
1137 3484 7443
1036 3209 9674
1485 2468 1415
1760 2532 7482
2741 3489 7313
1278 2755 1725
1215 1323 2931
1470 1923 3476
1859 3406 5013
2033 3019 9001
2238 3028 1881
1260 1620 1668
3383 3417 2546
2864 3244 5966
2745 2752 8020
1429 1870 1287
1632 2785 4675
2274 2996 8282
1228 1454 4562
1000 1538 8852
1739 1832 1305
1462 2800 3712
2749 2980 3218
1102 2867 6999
2847 3178 7314
1548 2546 3795
2343 3260 3552
1561 3162 3511
1990 3385 1788
1554 2375 4082
1132 3241 7127
1452 2693 5712
1041 3073 4725
1771 2017 6320
2406 3186 5589
1255 2092 4400
1528 1862 7555
2495 2591 5861
1784 3468 6403
1566 2113 8209
1302 3223 5738
1514 3082 2499
2988 3169 3711
1225 2326 5217
1016 3208 8053
1476 3319 6740
1624 1856 5999
2010 3484 5495
1472 2315 831
1427 3484 8022
1096 1402 283
2914 3164 5941
1226 3286 6280
1201 2648 5526
2500 3200 2435
3294 3318 4093
1026 2337 6571
2027 2883 8527
1352 3231 1754
1146 2491 8488
2386 3457 5337
1893 3441 2262
1278 1937 6213
1480 3426 9156
1222 2289 3846
2455 3072 4484
1129 2894 3162
1349 2348 6553
2645 3231 4552
1837 3436 1692
1184 2617 6624
2371 3291 2503
1292 1867 5258
1037 2482 2442
1399 3416 4555
1164 1192 5649
1846 2774 4012
1092 2002 5876
1655 3227 1897
2377 2584 2243
1485 2934 1034
1038 1850 110
2285 2660 9522
2092 2481 8376
1455 2607 8256
1171 2962 8856
1773 3146 8811
1274 3078 7925
2522 3303 1219
1485 2394 4010
1215 3173 5234
2318 2952 8341
1363 2889 9225
1170 2061 7752
2194 2285 993
1520 2776 8660
1298 3296 6648
2044 2723 5815
1033 2410 8771
1227 2852 5971
2468 2787 7649
1510 3023 5965
1114 3081 9446
1499 3397 1197
1280 3101 7710
2566 3089 3308
1451 1691 1476
2736 2799 7910
2025 2485 4238
1816 2457 2149
1494 2001 497
1078 2821 6322
1025 1611 9530
1053 2577 327
1187 1327 4819
1690 2402 6569
1288 2906 5865
1264 3204 1918
1682 1965 5934
1390 2003 7884
2897 2965 9782
2512 3331 6441
2615 3407 3998
1504 1765 5403
1428 3234 2680
2008 2715 4063
1441 2271 7089
1812 2043 5293
2279 2610 4941
1643 3305 1484
1947 3266 2260
1555 3036 531
1252 3067 4965
2224 3474 7141
1052 2209 7045
1110 1434 2879
1880 2610 8083
1194 1995 9743
1737 2878 1334
2888 3121 8975
3191 3298 5141
3152 3163 6009
1043 1903 1802
1111 3075 2813
1778 3150 8044
2168 2233 7402
1591 3367 3256
1222 1831 7461
1277 1410 7298
1497 2196 5747
2371 3026 5343
2224 2386 1029
1263 2002 2296
2023 3483 4042
1087 3205 9336
1136 2615 307
1851 3162 7372
1233 2216 1976
1264 1752 7147
1076 3237 3706
2525 3304 8957
1820 1953 5675
1705 2565 6340
1084 1803 7814
2374 3251 5879
3108 3300 4383
1334 1547 5381
2158 2187 3529
1058 2975 2368
2456 2784 3932
2360 3094 4847
2433 2576 251
1758 3439 2458
3162 3265 5415
1039 1113 7049
1591 2351 8937
2560 3176 435
1339 3316 6446
2824 3149 6676
2004 2565 4716
2086 3497 7555
2433 2782 42
2057 2223 2268
1527 1875 4850
3053 3078 6986
2154 3021 6267
1474 2252 9958
2732 3000 9905
1871 3267 7152
2640 2797 1201
1240 2352 9750
1298 1362 1214
2689 3491 6860
2054 2847 3125
1145 1600 4284
1636 2507 7463
2106 2861 5091
1439 2345 475
1252 2817 5844
1304 2605 5145
1196 1441 7090
1085 1658 3685
2211 2598 4966
1151 1374 6493
1432 1829 3808
1422 1831 4689
3278 3366 3095
2507 3053 5131
1643 3423 1885
1208 1394 7241
1388 3313 2949
1234 2114 312
2454 3160 7032
1884 3252 2544
1025 1891 3827
1729 2401 9204
1435 1820 4782
2858 3193 36
1326 2759 2136
3158 3178 1344
2321 2722 9640
1255 2279 1473
1494 3381 9641
1868 2986 6403
1839 2240 9735
1717 3400 9264
1151 1591 6480
1014 2711 3584
1403 3009 3852
1101 3280 7344
1043 1087 8586
1598 1867 2310
2314 2473 3288
1545 2988 2692
1316 3155 1922
1865 2153 5101
1411 3175 8041
1446 2747 8998
1524 1908 259
1251 2206 2427
1422 2516 6156
1397 2135 5592
2845 3473 5091
1711 3325 209
1571 2712 5950
1584 2879 2046
1026 1315 9864
2267 3031 590
2108 2316 1154
1179 1552 915
1480 1993 9761
1237 2985 1771
1551 2935 5095
1340 2228 8390
1568 3457 7314
1474 1926 6702
2041 3073 2113
3304 3470 1605
2714 3267 721
2205 3331 8417
1418 2442 6472
1341 2301 683
2428 3041 8768
2389 2856 7325
1079 3385 1700
2980 3032 8436
2639 3128 4389
3088 3384 3260
1404 2104 8983
1634 1784 7276
2396 2855 6522
1596 3080 1836
2925 3075 7327
2030 3349 7330
1735 1811 4014
1993 2130 3388
1038 1266 88
3238 3473 1164
1265 1601 718
1230 3024 643
1260 1935 7519
1665 2955 7162
1024 2760 6017
1114 3095 2729
1352 3406 3758
2779 3019 5886
1032 2818 7810
3117 3464 9458
1592 1783 6175
1612 2425 3258
1698 2661 5960
1596 2075 2519
2013 3336 8771
1758 3216 5644
2510 2834 4549
1269 3327 9468
2164 2829 2116
2827 3025 803
1779 3250 7942
1342 2323 2025
1347 1567 3579
1172 3245 1891
1831 3263 4464
1635 1856 7498
2144 2881 1854
1117 1897 3883
1547 3207 6813
1975 2247 4372
1412 3298 3005
1285 3100 2827
1022 3094 5760
1495 3337 2073
2600 3488 7275
2618 3320 1917
2386 2669 4317
1254 2535 2316
1857 2162 4866
1082 1278 5950
1091 2449 3037
2777 2981 4900
2696 3471 2168
1935 1979 7458
1832 2479 7121
2209 3078 6156
2163 2207 837
1529 3428 6346
2171 2228 6613
1420 2422 9242
1480 2297 7168
1927 2426 7009
1852 2842 9740
2074 3245 5823
2659 2732 6203
3358 3444 8399
2157 2189 7177
2811 3077 5777
1167 2690 2696
1441 2429 8262
2163 2453 923
2047 2698 331
2711 2906 936
1204 3147 5449
2731 3464 1685
1853 2678 6401
1879 3303 5675
3263 3327 3797
1372 3402 3622
1116 2797 6063
2317 3022 6231
1136 3361 5776
2857 2863 1638
2323 2634 4373
2225 3499 2534
1650 3466 1522
1744 3007 6832
1918 2605 7513
1844 2112 3214
2122 2388 2140
1712 2142 5381
1064 2024 4194
1117 3196 6349
2461 3211 8307
2061 2150 8110
1190 2398 2659
1059 1642 5102
2821 3190 2829
1348 3488 706
1245 2318 8533
1096 2701 498
2749 2770 7889
1782 3420 2027
1388 2324 5988
1092 1400 3767
2207 3164 662
2118 2900 4153
1093 1230 2048
1617 2458 3909
1768 1786 9981
1239 1792 5487
1646 1844 2476
2532 2780 227
2782 2912 2049
1636 2829 9161
2100 2666 722
1176 2353 8289
2396 2835 5272
1278 2289 3518
2209 3482 4364
1417 3111 8772
2545 2746 6699
1582 2573 217
1305 3372 4134
1491 1563 6322
1335 2970 5319
1022 2713 3029
2813 2982 1869
1100 1628 227
1097 1521 8287
3027 3407 2344
2362 3159 1499
2133 3101 8576
1756 1813 3088
2027 3120 4929
1245 1842 1023
2110 3168 1317
2294 2651 3987
2256 2300 7401
1980 2480 2453
1920 3091 1074
1726 2544 8903
1254 3109 2110
1625 2055 2229
1201 2071 9594
2843 3292 7680
1520 3031 7427
1217 1654 7340
1395 3041 547
2608 3262 4966
2238 2784 1748
2969 3035 8030
1180 3331 8857
2389 3308 4085
1039 2597 864
2361 2750 5514
1103 1383 384
3031 3349 1153
3215 3287 8336
1081 2549 7042
1919 2088 8214
1702 2173 1954
1124 1365 4970
1911 2864 9953
1592 1872 9207
1892 2118 3464
1829 2311 9312
2223 3355 2993
1054 2687 9590
1711 3207 2658
2103 2623 9597
2916 3123 9563
2802 3188 9335
2003 3430 3044
2097 2156 4512
1639 2561 2009
1556 2846 1914
2111 2643 3879
1281 1345 4354
1163 2896 4360
1611 1764 1651
2527 3442 389
1305 2605 8772
3182 3392 569
1325 2109 5992
1526 1606 5976
2661 3409 2107
1748 3277 6841
2257 2301 7141
1648 2368 5905
1344 1555 481
1763 2141 1742
2581 2678 9197
1099 3462 9346
2693 3203 2746
1290 1307 7428
1466 3200 3790
1997 2181 5732
2035 2288 3351
1006 1204 1938
1987 2132 4508
2029 2145 3848
2642 3151 7571
2320 3241 1912
1591 2476 8173
1359 2963 8054
2874 3112 1401
1472 3140 9125
1839 2491 1569
1126 1953 9390
1501 3397 3719
1053 2023 9533
1623 2563 5205
1138 2393 2438
2238 2866 2428
1592 2782 1353
2130 2451 6291
1687 1776 5263
2811 3478 2472
1423 2957 1099
1190 3378 6276
1716 2501 3176
2602 2818 3800
2203 2619 3744
1029 1782 6091
1426 2486 4161
2563 2701 2647
1245 1992 5927
1252 2039 8972
2335 3418 8007
1363 2195 8063
2448 3192 5174
1465 3215 1180
1836 2176 1866
1388 2916 7551
1055 2089 3865
2564 3314 5208
2681 2892 6854
1205 2308 9490
1834 1920 8482
2510 2553 6846
1016 2566 6062
1265 2577 5995
1444 3369 384
1647 2514 4455
2070 2838 7253
2033 2953 4258
2929 3399 6589
1404 2774 5347
1855 2753 353
1103 3371 2632
1937 3174 6324
1564 3061 7896
1180 2303 7374
2468 2744 1623
1735 2310 6385
1759 2395 9855
2100 2571 595
1184 1432 4826
1318 1327 9094
3134 3391 8360
1594 3407 1066
2578 2917 4106
2957 3177 6341
1061 3436 9153
2241 2718 2085
2002 2689 9500
1169 1900 6703
1626 2604 4883
2298 3214 2683
1548 1759 2973
2663 2843 96
1540 2695 3843
1892 2668 8437
2005 3460 3709
1506 3215 8671
1462 2454 3656
1390 2110 8957
3420 3495 1625
1212 3017 8610
2637 2755 9638
2096 2363 568
2687 3086 6673
1401 1516 9036
1791 3394 3967
2644 3279 7334
1907 2357 3554
1303 2210 8383
2749 3436 1216
2608 2637 992
2632 2779 2675
1496 1682 6709
2992 3015 3818
1895 2244 5235
1313 1802 7303
2019 3177 7510
2126 2994 1744
1246 2639 6974
1871 3121 2094
1008 2949 4633
2380 2538 6958
3167 3386 1676
1843 2886 8609
2980 3303 8971
2863 2918 4321
2172 3237 2953
1553 1767 8567
1112 1414 7425
1646 2538 8444
1495 2428 5577
2025 2639 9344
3431 3479 2382
1644 3303 843
1658 2994 7216
1369 3308 6745
1411 2498 1035
1625 2796 6567
1203 2286 3966
1308 1848 2304
1298 2189 9974
1374 1472 2216
2209 2553 1430
1166 1779 2819
1738 2815 5624
1309 2148 7106
1369 2771 7287
1489 2163 703
1709 2922 3827
1803 2627 1979
2103 2921 9953
1658 1739 5125
2158 2334 7844
1371 1498 3799
1342 2809 1614
1179 2719 6935
1029 1373 919
1532 2046 6266
1390 1596 3823
2427 3048 1378
3051 3368 6941
1936 2264 6305
2634 2764 7537
2211 3031 8053
2208 3489 1450
1704 1943 7182
2121 3304 6175
2551 2992 7429
1463 2364 6188
1498 1558 2158
1226 3095 6861
1485 1764 1240
1648 2818 4609
1144 2095 411
2385 2792 6839
3108 3205 926
2189 2308 3057
1079 2959 758
2852 2988 8979
2348 2641 9068
1388 2416 7412
2156 2377 7210
2504 3306 9210
1972 2774 6041
2623 3425 5574
2309 2814 7055
2133 2186 7426
1003 2672 6966
1164 2046 3594
1121 2473 628
2705 3270 7881
2166 2233 2481
1309 1462 1057
1156 1825 9968
1158 2238 5820
3010 3038 1296
3017 3324 9350
1967 2583 4828
1309 2489 1210
2021 2338 1743
1308 3395 2141
1291 1874 3486
1258 2330 1417
1887 3243 5317
1050 2424 2515
2504 3305 1523
2524 2910 6955
2762 3299 2689
1753 2848 5253
2329 2585 4951
1173 1552 7281
2205 2808 6402
1298 1482 3220
1524 2547 3367
1543 2939 5287
1923 2718 7422
1514 1534 4734
1342 2135 7209
1328 1434 1484
1973 2146 5870
1303 2111 39
1570 3381 6494
1583 2799 5796
1032 2616 7433
2553 2671 8850
1593 2716 6907
1240 3475 8459
2373 3322 1945
1092 2522 1680
1850 2019 9516
1533 2679 9054
2780 2941 2838
1569 2898 6524
1110 2851 7302
1521 1734 4856
2442 3355 6384
1234 1879 4360
2024 3277 791
2041 2601 7326
1955 3426 122
2879 3193 2994
1285 1418 7076
1613 3251 6645
1609 2220 9473
2273 2956 3876
1959 3038 1169
1210 2437 8605
1412 3354 6665
3108 3283 5197
1612 1996 1549
1268 1571 1719
1240 2690 1335
1823 2298 8119
1317 3335 3039
2680 3258 3669
2305 3057 4022
1603 3381 2496
1260 1919 3931
1856 3409 6508
1757 2742 1717
1906 1952 1331
1553 1669 9343
2167 2685 550
2625 2696 3126
1918 3172 5413
1558 2316 2953
2554 3214 9278
1789 3311 9188
2268 2950 3669
1508 2815 6697
1001 1778 4877
1452 2155 189
1864 3355 5092
1696 1970 3745
2128 3256 6195
1851 2667 7875
2771 2976 9791
1286 2277 654
1386 3339 1384
1772 3464 2715
2538 3099 6725
1320 1831 8485
1826 3343 3349
2549 3237 5714
1365 3035 4723
1508 3498 1987
1130 1829 6662
2479 2998 2538
1283 2328 7266
2092 3043 3861
2689 2745 7723
1203 1412 4901
2399 2691 93
1850 3400 5451
1096 2770 5701
1591 3334 1463
2073 3121 3089
1135 1303 771
1458 3402 7355
1708 2225 8413
1730 3322 3978
2017 2899 8387
1799 3377 7597
1632 2970 9903
2190 2774 7490
1901 3439 553
1499 2146 1930
2506 3249 4635
1531 2020 4806
1189 2217 3797
1053 3227 5515
1675 2399 5384
1177 2417 1141
2401 2899 7996
1060 2671 5729
2203 2775 7095
1534 1774 2616
2322 3254 9498
1179 2062 5676
1653 1988 2204
1452 1911 4011
2601 3001 7244
1701 2116 9975
2347 2579 3674
1925 2627 8604
1672 1787 7694
2355 3347 8764
1568 3131 7527
2198 2321 6544
2344 2705 2649
1348 2803 6756
2546 2895 3047
1373 1417 9913
2062 3442 2857
2756 3007 1794
1026 2788 9793
1638 2061 4453
1256 1307 2207
2356 3144 44
1131 2640 1075
1023 1265 3278
2440 3230 6271
2068 2203 4937
1445 1852 851
1566 3153 2208
1751 2922 6167
2275 2842 3550
1932 2366 3514
1531 3459 8173
1040 3151 3177
1029 2421 5387
1669 2229 6417
1239 2690 1167
2127 2998 8815
1352 2919 7875
1752 3374 629
2110 2822 4126
1697 3019 1215
2206 2759 4210
1109 3068 4186
1332 1881 6281
2537 3383 4700
1514 1942 7358
1576 2314 8358
1498 2437 6783
1524 2484 8105
1694 3169 4242
2004 2421 6076
1074 2730 2990
2017 3035 3766
3149 3262 1687
2542 3204 4341
2394 3386 1499
2127 2990 7860
1170 2298 3539
2239 2818 9754
1617 3150 6434
1587 1976 4617
1280 2006 1423
1711 2965 5681
1438 3484 7195
1788 2275 1268
1409 3411 599
1389 1821 4991
3022 3025 8
1136 1643 6918
2407 3285 207
2388 2653 6356
1358 2977 9986
2786 2801 2004
1849 2784 4684
1923 2041 4666
1638 2361 9633
1228 2072 5805
1212 3145 6248
1990 2946 4017
1085 1137 887
1299 1686 1776
1295 2331 7472
3012 3417 2001
1357 2227 7130
1301 2734 8134
3232 3349 4627
2148 2321 3997
1424 3261 2354
1241 1786 3108
2575 2659 5306
1811 3494 5129
1310 1676 2949
1055 2669 945
2863 3272 3010
2575 2921 3307
1313 3085 5161
1329 3365 678
2760 3350 695
2226 2817 6017
2390 2471 4032
1777 3142 8096
1048 2202 4621
1566 2303 4895
2632 3360 2104
1464 1898 2481
1451 2348 4576
2354 3291 1700
2192 2838 8611
1512 3234 2750
1304 1931 6578
1699 3342 2793
1386 2312 2324
1905 2437 8388
2376 2585 5404
2697 3311 6309
3140 3382 7251
2573 3010 6911
2431 2432 8276
1508 2427 4163
1986 2518 6421
3079 3306 3953
1589 3463 9874
3169 3447 4438
2292 2827 749
2520 3000 715
2146 3348 7953
2307 2765 7427
1014 1576 8414
1487 3365 9731
1687 2555 5358
1518 1893 5049
1364 2649 7246
2983 3330 7661
2720 3419 8258
2037 2945 5237
1443 2794 2701
1798 3205 5402
1166 2794 5023
1070 1404 8992
2748 3416 7671
1270 2459 7599
1664 2612 2364
1191 1318 8791
1386 2124 8605
2076 3324 5238
1127 1523 8451
1387 2449 31
1536 2592 9120
2031 2338 1624
2006 2649 615
1175 3170 9062
2196 2585 4567
2175 2372 5534
1666 2225 9644
2026 2325 6419
3053 3471 934
2913 3151 6502
1857 2440 8009
1117 1859 5688
1413 1991 322
1024 2253 3063
2230 3447 1787
2908 3461 784
1326 3400 7544
2619 3105 1645
1488 2345 6990
1144 2058 1511
1080 3380 6468
1182 3127 3927
2199 3281 1557
2251 3342 7461
1988 2828 5501
1331 1802 9334
1700 2996 9311
1298 3343 3090
1721 2977 7197
1904 2186 9063
1774 3497 667
1035 1064 8212
2806 3322 4994
1696 2102 638
2982 3496 2603
1078 3113 4128
2635 3007 4129
1434 1626 4435
2821 3331 5981
1546 2585 991
1299 2020 9632
2217 3253 8918
1414 3190 9278
1086 1833 3628
2513 3075 8110
1005 2926 3415
1382 2537 3084
1624 2622 3453
2183 3305 9057
2442 2753 4228
1058 3410 7642
1846 1977 6479
2524 3137 3245
1329 2634 1247
1990 2667 9067
2227 3233 2836
1322 2201 6088
1501 1767 5254
1409 2049 1736
2254 2531 6949
1171 2301 5492
2036 2274 6235
1069 1123 5225
1153 2162 3265
1379 1667 7008
1836 1934 1634
2078 2327 7003
2087 3179 7287
2064 2394 6909
2457 3022 8353
1018 1489 6632
2193 3392 8726
3117 3251 6139
2141 2296 562
2125 2445 8291
2365 3008 5011
1487 2837 7016
3041 3404 9179
2672 2943 1351
1934 3240 3324
1788 3494 2025
1144 1604 3741
2178 2546 7232
2115 3418 2368
1398 1633 572
1717 3034 4549
1483 1933 878
1616 1939 5713
1734 3003 4680
2071 2162 6370
1716 1917 7627
1562 1747 6718
1680 2830 9271
2163 3074 5981
1630 2937 930
2788 3300 9181
1110 1689 2475
1766 2752 6459
2723 3241 5883
2102 2182 3739
1725 3256 2639
2535 3264 8157
1361 1684 7036
2548 2982 9479
2029 3198 4753
1186 1998 7191
1130 1294 1788
2152 3070 8182
1406 1599 9279
1022 3253 9206
2034 2897 6692
1967 3014 969
1011 1511 4325
2496 3263 9479
1175 3198 6483
1961 3320 1877
1106 2499 7910
2184 3044 1043
2929 3463 9197
1607 2945 1028
1069 2123 3080
1240 2566 8916
2933 3216 6135
1865 1986 3891
1312 1340 7985
1815 2902 3027
1903 2772 8733
1606 3091 4455
2844 3065 8060
1785 3241 7964
1372 1646 4305
2310 3212 8341
1181 2600 6130
1406 3281 2339
1654 2337 3384
1445 3263 2500
1764 2682 6902
2158 2272 6566
2029 2400 8444
1047 2399 157
2962 3188 7638
1120 2504 6668
1069 2080 6389
2026 2558 4459
2860 3210 2950
2932 3258 2899
2695 3172 938
1477 2562 2274
1535 3114 8932
1211 1627 668
1089 3437 3661
1491 2500 9286
2080 2366 7749
1114 1698 3069
1810 2322 1433
1278 2026 8901
1834 3075 7270
1333 2688 2364
2547 3109 9093
2941 3294 9591
1677 2043 9557
2691 3318 2330
1543 1801 1089
1665 2806 5014
1933 2285 3673
2131 2245 518
1323 2786 7348
2480 2555 8873
1899 3463 3180
1263 2423 9448
1713 3304 6453
2426 3453 3182
1158 1351 1039
1811 2858 6223
1838 2609 5044
1761 3397 5198
2263 2289 3368
1678 2482 4818
2610 3387 3909
1572 1694 1482
2149 2630 804
1312 2816 9718
1232 3497 1698
2481 3274 2962
1782 2142 7528
1639 2244 1612
1298 1994 4168
1258 2595 6061
1202 1296 8167
2213 2964 194
2615 3321 4187
1652 2229 1623
2570 3070 5294
2259 2391 9169
1643 2559 4324
1725 2344 7321
2210 3356 4271
1860 2645 3273
1158 1544 9683
1344 2015 3713
1925 2652 4299
1874 2464 1821
2603 3175 2034
1749 1771 3682
2233 2269 7534
1218 1446 4301
1579 2807 3054
1597 1875 7884
1181 3287 5437
2914 3318 1980
3156 3408 7099
1291 2004 5658
3148 3230 2943
1583 3357 2416
1153 1288 8974
2316 2999 3575
1757 2724 5523
2810 2850 2153
2934 3337 7014
2709 3139 3334
1404 1789 5966
1588 2351 1513
2542 2765 8404
1389 3110 4952
1929 1942 5673
1128 2724 491
1215 2618 5131
1710 2622 3304
2398 2401 9368
1462 2761 883
1048 2194 4245
1464 3216 8701
2320 2339 3739
1899 2872 4207
2848 3339 620
2792 2835 9429
1709 3062 7894
1417 2519 3303
1367 2345 4432
1101 3353 5366
1463 1598 4424
1090 1331 6515
1899 2966 7356
1192 2120 8657
1637 3045 5680
1831 2496 9498
2206 2585 1920
2286 2969 8600
3161 3442 392
2001 2545 276
1602 2699 3500
1459 1534 8893
1234 1345 747
2261 3331 2463
2171 2408 8007
2862 3444 131
1373 2445 7844
1990 2551 5307
2613 3057 525
1425 1815 7489
2487 2490 9955
2072 3348 5632
2454 2523 5452
2486 3482 9340
1243 1523 2789
1841 3340 7033
1389 1923 7145
1174 3007 2720
2183 3148 6102
1975 2125 8858
2078 2925 8736
2054 2678 7662
3072 3152 4540
1191 1306 7612
1752 1791 2436
1309 2616 6848
1483 2087 6491
1562 2365 1347
3065 3123 5147
2139 2821 1933
2030 2271 1048
3182 3312 1901
2205 2533 2705
1631 1921 9187
1224 3384 3458
1952 2501 755
1831 3184 4507
1947 1978 9069
2099 3063 1263
1796 3273 9478
1590 2442 8075
2005 2902 3950
2194 2317 4531
2115 2360 3933
2723 3099 1832
1825 2826 1614
1564 2037 5182
2870 3063 9366
1618 3051 8720
1130 1541 3174
1726 3442 1225
2366 2626 3729
1882 2731 8445
1897 2548 78
2980 3416 1405
1429 3277 6273
2718 2788 1760
1524 2269 426
2070 3106 8318
2075 3436 1214
1348 3127 6940
1977 3060 7743
1024 2587 7640
1927 2374 2650
2676 2965 9512
1068 1768 663
1122 3365 8202
2517 3253 8050
2741 2989 5789
2171 3225 2448
1054 2513 7257
1268 2474 7266
1319 3295 4257
2347 2996 3434
1171 1428 7618
2806 3318 9070
1018 2652 2191
1801 2897 4649
2456 2571 9568
2218 2447 2972
2376 2391 8069
1595 2868 9660
1312 2244 5251
1337 1915 308
2111 2733 5332
3025 3039 2435
1469 2545 7153
1065 1784 7733
1148 1246 337
1374 2922 1356
2796 2838 3695
1633 2744 2822
1556 2680 2271
2436 2922 7116
2099 3477 608
1045 3345 6830
2311 3054 2857
1891 2746 5980
1849 2007 4256
2671 3485 2495
1511 3350 1443
3106 3463 5627
1059 1450 9955
1071 1914 4323
1853 3091 4962
2388 2958 249
2642 3140 7907
1190 3185 903
1361 3440 6497
1569 1984 5584
2480 2488 9706
1000 1038 2704
1503 3284 9882
1314 1807 7559
2470 2513 4446
2044 2780 5407
1247 3314 6079
1268 2615 2669
1626 2500 1154
1075 2220 2847
2219 2886 5240
1878 3350 5193
2833 2877 1284
1505 2618 6531
2619 3326 5812
1972 3438 3799
1330 1790 258
3018 3226 1219
1426 1461 9375
2037 2557 5576
2535 2808 215
1500 1610 1361
1712 1880 8314
2912 3385 5527
1388 3357 9046
2223 3471 9933
1378 1935 3256
2774 3412 4065
1064 1525 6380
2326 3150 4520
1807 2895 7283
2529 3135 5947
2804 3383 549
1667 2703 4703
2469 3037 9026
1419 2943 9769
1328 1987 770
2717 2894 7126
1515 2062 5544
1604 2758 5636
1762 2076 95
1014 1062 9034
2310 2704 4436
1837 2908 7239
1659 1721 8929
2123 2681 1380
2531 2815 9901
2537 2659 4337
1125 1572 8135
1929 2006 7121
1282 2051 2010
2029 3293 9562
1381 1851 8992
1890 2415 163
2439 3248 3918
2058 2192 6793
1069 3267 8707
2227 3405 5590
2418 3274 608
2012 2842 3475
3034 3452 7511
1303 2631 6561
1809 3345 5634
2111 3300 7238
3237 3430 8608
2036 2087 6442
1002 2181 7322
2319 2896 2077
1399 2500 8320
3157 3467 8544
2425 3043 9423
2630 2920 1999
1488 2488 1552
2728 3112 9869
1427 2751 4111
1375 1455 7170
1071 1259 7248
1486 3172 6079
1035 2355 8322
1521 2672 997
1374 1630 5232
1224 2026 1046
1280 3318 9206
2233 3275 3613
2945 3297 833
1600 2173 2170
1401 3438 939
1403 1770 3688
1952 1960 8826
2189 2683 8120
1622 2491 2770
1327 2075 6653
1223 2412 8338
1840 3107 7265
2577 3132 8948
1155 1388 9393
1578 2181 1287
3369 3438 4272
2592 2640 9575
1333 1995 7367
1337 2675 8592
2649 3292 1282
1328 2219 4303
1119 3477 6654
1273 3188 1534
1400 2451 7550
1760 2386 5331
1045 1051 8343
1160 1604 1839
2379 2382 120
1898 2995 6590
1587 2747 9672
3269 3384 4911
1565 1770 9767
1253 3328 7036
1083 2036 5415
1378 3056 5228
1056 2274 6707
1281 2483 8120
1929 2272 3208
1756 2363 3528
1072 2241 4808
1297 1763 6542
1543 2030 8930
2346 3270 9465
2423 3494 1139
2885 2983 2186
2804 2904 7921
1366 1955 2694
1152 3057 405
1647 2570 2811
2786 3196 155
1386 2818 7190
1787 3284 6527
2197 2850 4421
2500 2870 9305
1586 2283 1955
1465 3070 6829
3142 3463 8673
3244 3377 3759
2373 2955 4939
1770 3088 5037
1465 3105 3839
1388 1598 5116
1289 1940 449
1119 3428 7103
1301 2886 734
2047 3019 4814
1567 2350 1066
1259 3239 9561
1579 2810 7594
1673 2143 9467
1856 3182 167
2455 3250 1979
2854 2881 5180
1433 1664 5665
2253 2471 687
1211 2182 3664
1066 1233 2327
1410 3221 7368
2286 3027 6678
1585 1877 5515
1748 2427 7053
2679 3442 3700
2244 2795 7434
2920 3047 3551
3261 3461 1894
1051 3322 9112
1953 2278 9532
1023 3379 6893
2644 2811 7814
2621 2887 5354
2570 2674 4482
1949 2890 3597
1360 2927 2766
1653 2076 290
1574 2395 8996
1665 3026 2787
2148 2338 3186
1591 2040 9372
1834 2032 3004
2732 3318 3221
1878 3148 6228
1863 3204 1420
1845 3158 9486
1664 2379 9934
2431 2726 3196
2291 2401 5747
1716 1970 3120
2471 3107 7282
2086 2671 9965
2067 3071 212
1999 3484 8111
2537 2908 2912
2410 2968 5097
1359 2199 9044
2221 2375 4964
2544 2588 8331
2250 3149 5743
1190 2846 8724
1928 3448 8462
1854 2437 5155
2822 3478 2964
1428 2528 3751
1419 3178 6692
1270 2254 1063
1318 2112 9623
2544 2607 6444
2392 3431 5431
2028 2830 7744
2680 2708 9285
1064 3103 7064
1215 1305 7808
1651 2485 8620
1790 2339 1815
1009 2140 8332
2200 2425 6461
1101 2327 6498
1729 3216 3039
1165 2811 9051
2355 2557 258
2848 3113 6455
1013 1773 2267
2511 3230 2314
1761 3391 4076
1040 1778 693
2257 2987 5484
3119 3289 3133
1978 2844 4543
1790 3360 3254
1212 1405 7965
1983 2433 5942
2503 3109 1990
2215 2638 1719
1632 1638 2359
2269 2607 4459
2367 2608 2110
2325 2574 5608
2223 2797 1336
1034 2428 1829
2379 2539 9136
1008 3014 576
2520 2745 4079
2089 2265 8246
2526 2566 4055
1805 3093 1755
1537 3255 9061
1437 2527 8613
1896 2329 2830
2114 3000 1427
1301 1483 3758
2116 3418 5881
2014 2173 3690
1399 1536 9745
1436 1944 1237
2444 3048 6407
1463 3179 1516
3265 3362 4482
1621 3439 2967
1020 1432 4156
1643 2973 7813
1074 3201 7258
3052 3273 6290
2382 3247 2793
1683 2422 3017
2177 3167 5113
2036 3481 2005
1433 2387 3298
1539 2618 1739
1747 2756 9298
1306 2571 9762
1227 1384 1340
1352 2396 4558
1831 2673 9999
2351 3215 6023
2601 3199 5486
1686 1978 7576
2159 2687 4523
1348 1360 8787
2633 3329 6307
1971 3255 9350
1419 2500 597
1631 2995 3433
2970 3246 1746
1013 1216 5614
1676 2520 8921
2137 3014 6163
1099 3453 6749
1352 2862 260
1247 3068 5132
1287 2059 2993
1851 3043 5037
2578 3176 7279
2318 2518 4857
2704 3487 5447
1604 2567 7001
1324 2355 5605
3324 3436 6587
2293 2630 9825
2256 3320 6071
3405 3487 2662
1353 3161 7985
1990 2068 5935
2539 3016 535
2240 2408 2150
2116 2667 2129
1161 2947 3300
2241 2306 4215
1915 2535 3869
2315 2338 5462
2562 3232 6198
3175 3475 7433
1736 3147 3032
2544 2684 8176
1024 1151 3591
1310 1551 1515
1528 3373 1631
3225 3276 591
1395 2616 2225
2102 2634 3347
1725 1762 3018
1569 3405 2323
1011 1153 2121
2102 2992 7969
2090 2840 796
1666 3486 6672
2820 3276 4799
2498 3427 897
2368 2634 5534
1138 2321 3458
1358 3471 1392
2916 3444 356
2593 2686 8720
3265 3421 644
2521 3119 3322
1748 1880 1683
1544 2110 4953
2286 2472 8138
1499 2982 1709
2034 2379 4295
1652 3364 979
1627 3289 9083
1084 1500 8324
1878 3214 2850
1319 2579 6979
2146 2773 6171
3144 3286 3109
1754 3391 4607
2545 3256 3684
1656 2425 8430
2741 3354 1571
2319 2443 8540
1313 1409 1008
1823 3396 6891
1991 2717 1631
1575 2208 9446
1541 3344 5543
2932 3404 1097
1618 2226 8876
1246 2706 7177
1177 2190 9179
1334 2488 9200
1435 3268 9520
1222 3455 4433
1680 2329 6110
1797 2968 4097
1735 2564 2025
1491 3226 7588
1321 2881 2915
2174 3203 4157
1018 2905 5738
1347 2304 3293
2354 3287 1197
1054 3122 1359
1215 2738 6682
1859 2976 7883
1994 3481 257
1330 1705 4781
1528 3361 2902
2085 3170 3672
2178 2954 4561
1423 2902 5323
1040 1396 4955
1014 2757 4412
1455 1519 8666
1394 1845 9936
1861 2431 3896
2246 2683 9577
3240 3243 783
1709 2509 3912
2571 3427 3280
1175 1800 7655
1195 2151 6845
1981 3452 4382
1993 3183 1079
1835 3135 9905
1350 2747 3373
1658 1796 6076
1648 3111 9644
1517 2059 5601
1408 2392 7546
1214 1409 8533
2484 3425 7933
1258 2098 3335
2522 2976 3452
1019 3297 7959
2888 3324 4516
1702 2390 1953
2038 3264 5262
1561 2115 9
1691 2637 2697
2049 3489 1391
1395 3304 614
1194 2822 436
2466 3424 8767
1363 2384 2467
1619 2200 5753
1007 3444 8143
1941 3042 2359
2342 2806 6099
1711 3051 2227
1243 2603 7008
3163 3221 2533
1997 2258 8746
1393 2630 1043
1599 2893 4729
2231 3077 7418
2195 3067 73
2043 2781 812
1856 1913 44
2850 3295 5521
1600 3216 9225
2984 3206 4324
2046 2174 5865
1946 3256 8455
1045 2742 3388
2071 3207 5116
1650 2110 2474
1167 2007 2154
1743 2596 4013
1275 3322 3088
1705 2730 7322
1096 3221 749
1621 3291 6543
2297 2621 2584
2519 3021 5254
3171 3192 9932
1053 2907 5583
2422 2453 211
1904 3362 1465
1273 1368 507
2949 3442 2318
2053 2820 5060
1793 2386 5045
1697 3129 5753
2878 2905 4446
1242 1523 7645
2563 2955 4611
2880 3104 1862
1936 3156 8394
1132 2674 3247
1904 2719 8619
2926 3182 8001
2802 3361 488
1479 3338 6342
2504 3109 909
2350 2920 1873
1376 3209 7913
1375 1829 2867
1489 2690 7375
1515 3487 9978
1207 1952 6360
1215 3057 466
1892 2033 7600
2468 3057 9121
1360 2184 1239
1318 1809 2265
1268 2001 486
1547 2261 9720
1630 1802 4083
2834 3133 4957
2552 3100 1872
2653 3170 7048
2087 2492 8224
2982 3095 463
1842 2542 4083
2698 2705 8818
1532 2760 5000
1544 2064 8518
1841 2194 8967
2256 2976 178
1584 1824 9552
1824 2540 4209
1362 1545 5153
1661 2502 2121
2318 3320 3685
1559 3428 6734
1150 2899 5179
2753 3041 7469
1488 1550 5239
2154 3195 3063
1370 2000 467
1611 1777 8845
1656 3064 793
1063 2856 4908
2412 3369 9480
1428 1713 9271
1815 2750 8159
1666 1733 7023
1313 2455 7837
2012 2658 838
2368 2845 1751
1170 2158 735
1411 2406 5722
3203 3271 7262
1776 2783 9778
1432 2674 9038
1858 2143 4867
1233 2125 5866
2031 2742 3409
1189 2628 3010
1952 2327 3156
1029 3341 1896
1275 1623 1022
1839 3326 8490
2483 2598 801
3370 3437 9119
1933 3110 8432
1045 2478 1415
3152 3278 2512
1478 2499 2024
2615 3096 7779
2489 3124 5907
1027 3190 7167
1317 2506 8119
2033 2407 7198
1979 2514 4160
1669 2868 7938
1632 3161 3653
1896 2175 4420
2588 2805 4640
1430 3241 1222
1199 1948 820
2979 3333 8071
1241 1467 9766
1334 2288 3481
1430 2563 7814
2079 2789 3814
2513 3068 2173
2922 3047 4269
1249 2653 4922
1986 2342 2897
1026 1111 6359
1774 2141 5289
2369 2735 9087
1123 2842 3443
2174 2249 3727
1053 3043 1293
2531 2823 9003
1066 1285 2320
1350 3009 1676
1164 2973 8482
1513 1627 3289
3043 3490 5418
1499 2232 1930
1847 2165 4042
1092 3155 4319
1116 1402 5880
1001 2156 7034
2478 3023 6318
2159 3476 9711
2026 2521 1081
1023 1229 4371
2551 2982 3098
1629 3222 7395
2018 2396 6779
1214 2164 36
2068 2437 99
2540 3113 4138
2859 3295 967
2131 3446 7519
1231 2417 7660
2430 3320 4510
1510 1720 8330
2559 2983 5513
1065 2929 9107
2130 2312 7720
1154 3290 7076
1451 1881 2766
3008 3133 1353
1678 1725 1735
2609 3150 5783
2799 2870 1114
2416 3429 6582
1601 3179 223
1122 2241 3742
1638 2259 9544
1501 3218 5594
1272 1557 7205
2523 2854 2070
3139 3311 5452
1215 1488 6510
1691 2032 9475
1559 1965 5410
1858 3296 4256
1257 2067 1370
1188 2787 9215
2611 3462 2923
2761 3247 6652
1709 3403 5366
1061 2217 6466
1754 1987 9311
1574 2910 7719
2022 2502 3979
1742 3038 416
1028 1812 6385
2392 2563 2446
1348 2645 9971
2049 2885 1478
2644 2865 5619
2265 2906 1239
1165 1768 8318
1555 2108 7982
2030 2417 3607
1540 2870 2478
1620 3153 7845
2749 2925 4999
1743 2350 8635
1060 2703 1074
2983 3442 3436
1991 2493 6876
2809 2870 5619
2616 3448 8196
1170 1507 3308
1500 3074 7785
1649 1692 592
2417 2837 3321
1747 2700 8732
1543 2289 1113
1083 2668 6064
3147 3402 7162
1099 1533 472
1616 2027 8464
1071 3309 9197
1206 3134 7750
1830 1987 9925
1926 2496 5335
1361 1465 9685
1393 2577 6679
2430 2796 74
1206 2000 833
2324 3248 1958
1069 1166 2512
2883 3403 1171
1212 1463 4544
1292 3109 7705
2781 3051 4885
1088 3407 4400
2331 3476 4545
1090 1613 9586
1484 1594 1013
1780 2494 2560
1469 2540 8018
1664 2675 5039
1659 2357 7518
1497 1937 1393
2120 2515 9429
1849 1922 8190
2170 2914 5476
2723 3045 8036
2262 2684 7331
1046 2940 4844
2508 2779 3603
1082 2645 4909
1532 2004 8243
1053 2494 4418
2196 3042 7196
2947 3470 1240
2254 2704 5113
1431 2044 1747
1086 2828 6564
1453 2912 5144
1080 2604 6961
2362 3325 4236
1510 3070 6350
1485 2872 6723
1577 2515 2117
1058 1912 8857
1007 1717 6522
2067 3160 8031
2023 3356 7669
3153 3465 6427
2093 2348 1455
1045 2180 7736
2323 2446 3320
1104 1319 6917
1978 3184 3838
2385 3335 7253
1870 1872 4120
2331 2435 1710
1137 3014 6203
2474 3100 79
1362 1860 3281
1200 1218 2390
1280 1641 5522
2077 3129 9850
1837 3352 557
1117 2890 5393
1526 2039 9332
2372 2588 4633
2458 3195 7660
1133 1973 2092
1380 3362 9861
2026 2406 5092
1086 3169 7832
2132 2525 7687
1626 2404 5984
2228 2417 1319
2049 2820 3105
2917 2951 8204
1442 3145 4166
1034 2138 4786
1066 1482 1894
1377 1884 8219
1983 2292 4762
1719 2509 9481
1366 2130 9032
2546 2753 9632
1358 2852 3076
1733 2823 9598
1036 1934 4121
1530 1739 3136
1510 3218 1931
1154 3200 9287
1262 2647 5027
1573 3311 1433
2072 3383 2313
1323 3442 2148
3010 3016 467
1809 2356 6773
2944 3388 1020
1633 3335 4278
1000 2437 4711
2630 2900 7648
1457 2563 4656
1605 3058 6855
1373 2293 1447
2540 3023 4946
1522 2500 2742
1436 2972 880
1966 2070 8693
1233 3465 8654
1517 3021 7994
1953 2699 6836
2218 3389 8669
1504 2583 7198
1742 3181 2532
1547 3251 475
2238 3115 8402
2512 2647 298
2861 3460 5597
1520 3234 8351
2347 3029 8640
1178 1495 2773
1037 2909 842
2082 2722 9956
2380 2400 7105
3014 3223 4735
2284 3075 4748
1775 3057 3495
1038 2583 1771
2870 3163 7360
2061 2801 4130
1177 2274 8608
1596 2713 2569
3324 3475 5912
1252 2855 2787
2049 2052 4497
2420 2811 5823
1998 3129 266
2032 2352 7372
1526 2739 8151
1233 3259 4536
1157 2566 2237
1696 3093 8293
1200 3080 3569
1778 2595 5124
1073 1807 1167
1201 2252 472
1263 2500 3551
2401 2450 7139
1335 2430 1569
1605 3146 2144
2005 2038 9538
1080 1387 6349
3124 3272 5851
1230 2863 4812
1095 1282 3777
2205 2834 7965
1195 2018 3831
2135 3092 8490
1294 2493 538
1475 3003 4996
1124 2794 3366
2791 3345 1518
2525 2674 2568
1618 2223 5594
3106 3453 8711
1906 2123 8662
2383 3134 5807
1348 1441 1799
1370 2666 1993
2019 2904 2249
1857 2052 264
2465 2971 6984
1757 3131 4309
1854 2108 5494
2420 3183 1918
2041 2486 3181
1654 2510 9456
1848 3197 2420
2338 2471 8959
2569 3250 8574
1122 2047 1755
2585 2834 7982
1006 1405 4140
2898 3278 2221
3449 3450 6851
1723 3416 7894
1848 2457 3862
1082 2893 6067
2676 2745 5267
1935 2923 1852
1425 2805 3096
2697 2718 8749
1345 3398 8596
1748 2503 8429
1978 3316 7381
2886 2983 911
1665 2116 5173
1867 2495 6795
3113 3467 1637
1155 1522 4113
1386 2110 2084
2680 2907 1987
1370 2476 1283
2972 3027 508
1871 2863 6927
1661 1815 7055
3038 3411 8941
1936 2995 6728
2181 2361 7631
1867 3036 7823
1626 3398 9956
1364 2837 1117
2295 2315 8860
1878 2967 8500
2588 3107 6281
1243 2823 7364
2078 2312 8253
1274 2866 3915
1002 3430 7083
1535 3110 4549
1639 2171 2675
1045 2224 4415
1753 2216 8818
1236 2376 129
2668 3241 7894
1784 3150 6657
1129 1908 8070
2915 3355 3896
1392 2840 4920
1162 2729 1194
2651 3145 5677
1355 1931 1985
1340 3235 9931
1295 3408 6568
2011 3349 6582
1539 2316 8760
2905 3124 6180
2454 3405 7476
1248 2566 8797
1603 2088 2566
2545 3031 528
2703 2910 992
2070 2350 3125
2022 2722 1463
2372 2773 6288
1420 2453 1226
1042 2699 690
1159 2758 8046
3240 3366 6780
1945 2150 3434
2198 3456 6975
1708 2331 8377
3334 3464 4671
1109 2114 8906
1625 2103 4807
1581 3109 9397
2221 2667 8776
2396 3154 1171
2473 3125 5959
1565 2904 4043
2290 3121 8782
1303 2506 2928
1219 3355 1195
2612 2665 1249
2115 3320 2857
1273 2794 5498
2585 3421 4412
1123 2060 6167
3005 3034 526
2067 2459 761
1803 2641 2536
2949 3220 7685
1026 3193 4148
2521 3029 5781
1221 2429 8812
1013 1235 5036
1771 2344 69
2195 3211 9151
2079 2591 3416
1745 3389 1692
1681 2286 4513
1096 2689 5907
1852 3412 4554
1133 3050 2871
1141 3192 3092
1945 2021 2274
1090 1762 5789
2084 2796 5586
3017 3169 7102
1437 3094 2220
2744 3405 4269
1577 2617 4298
2163 2720 8177
1171 2353 8001
2017 2207 4045
1914 2224 4114
1879 3390 9859
2271 2485 3488
2566 2647 1801
1095 2693 8276
1688 1833 2745
1272 2247 7914
2139 2969 8594
2640 2844 8873
1412 3057 9955
1418 2227 27
2179 2671 8862
1117 1305 1751
1727 3054 1517
2557 3466 6151
2136 3279 3072
2029 2837 1403
1382 2015 2917
1162 2903 35
1397 2373 8768
1638 3239 39
1470 2179 540
1998 3067 2390
2649 3370 3943
2624 3436 2652
1804 2564 6502
3122 3417 6063
2846 3065 2486
1196 2176 7326
2490 2722 918
1649 2776 5886
1239 2658 8543
1450 2619 1621
1768 3067 6179
1414 2753 3550
1810 2822 5166
1489 2799 1910
1703 2153 7804
2360 2934 5703
2472 2879 4072
3048 3255 5624
2483 3098 8829
1554 3421 5064
1244 1260 2878
1398 1578 3721
1780 2173 1388
1104 3161 8148
1923 2878 7981
1732 3150 2033
2148 3348 9753
1042 3027 3957
1311 3462 3958
1690 2517 9918
1536 3392 1506
1350 3178 4454
1446 2509 8426
1690 1955 1305
2201 3453 5874
1291 2353 3842
3047 3235 7126
1573 2310 9860
1432 2594 9353
1886 2979 3042
1411 1415 7358
1327 1997 8510
1627 3087 1252
1256 2681 8780
1119 3188 3822
1788 2120 2389
1885 3218 5292
2674 2762 4885
1985 3085 490
1175 2016 2679
2438 3067 7456
1224 1227 2130
1241 2028 3939
1324 1469 2995
2837 3386 3607
2313 2609 926
1358 3416 295
2412 2836 3534
1056 2456 7993
2045 2603 7069
2088 3122 4498
1013 3173 9508
1048 2048 3557
1252 1592 3367
1211 3238 772
1546 3256 9544
1407 2898 3194
2267 2951 6453
1122 2698 5746
1684 2700 8963
1782 1965 4372
1336 3439 2821
1923 3114 3601
1022 2594 75
1757 3183 2537
2365 3296 8182
2002 2992 7286
2024 2830 2312
1873 2232 270
1166 1679 4075
1893 2954 9642
1284 2539 5299
1321 2362 2798
1006 1652 8413
2243 2935 8223
1238 2707 8775
1308 2420 5540
1525 2839 4731
2553 2877 4383
2432 3064 9024
1945 2241 6370
2324 3289 8798
2326 3436 1517
1313 1741 8213
2194 2864 6061
2466 2788 8739
1440 2907 8092
2893 3190 2006
1788 2269 5300
1999 3388 6407
1678 2163 6470
1501 2594 8933
1977 2878 8498
1811 2235 4368
1438 3370 5552
1210 2692 2643
1630 2297 7507
1759 2604 184
1790 2443 509
2544 2664 7598
1503 3080 9150
2665 3298 7147
1310 2577 1711
1546 2418 2040
1933 2276 9214
2184 2566 4654
3019 3404 8972
1014 2937 7506
1042 2281 7924
2087 2138 3956
2938 3147 6115
1495 2647 358
2116 2309 5098
1892 3187 7036
1927 3020 9901
2528 3175 5387
1204 1722 6834
2803 3068 9239
1305 2068 571
1235 2631 7098
2088 2555 6641
1735 3470 7094
2691 3344 6445
1427 2973 1414
2021 3441 8517
2202 2989 8380
1642 2093 9803
1564 3239 6582
1553 2196 8956
2974 3254 664
2313 2325 3773
1827 3410 6261
1547 3223 3949
2893 3023 1487
1960 3429 820
1213 1778 4248
2979 3299 785
2691 3420 6150
1710 2820 5662
2138 3122 546
2776 3285 2340
1471 3323 725
1912 2613 4381
2061 2723 8819
1026 2454 2455
2175 2891 738
2035 2531 5549
2084 2390 8916
1222 3372 865
1714 2876 3478
2073 2519 3294
3393 3398 8180
2466 2979 7984
1294 3486 4585
1163 1983 6306
2653 3109 3203
1478 3202 410
1486 3386 6731
1082 2794 9739
2052 2352 1548
1768 2463 9202
1495 3248 5844
2197 2321 5200
1081 2554 9605
1008 2615 192
1309 1951 4082
2645 2904 5217
1444 2795 8613
2323 2559 5197
1645 1828 4900
2222 2538 5821
2680 2997 1341
1792 3366 5465
2303 2393 4665
1112 3022 2503
1255 2107 1363
3381 3464 7487
1088 2643 3711
1864 2408 3171
1530 3296 5183
2250 2827 1393
1684 1891 2936
2069 2522 960
1734 3329 5075
2290 3498 5325
2460 3383 8447
2169 2953 8378
1181 2585 4708
1725 2343 1727
1950 2573 2362
1210 2043 5039
1531 1716 9734
2000 2100 5877
1048 3206 9095
2029 2778 6669
2558 3217 4078
1013 3268 5105
1199 2137 3509
2104 3058 6527
1960 2472 6543
1223 1952 5349
1880 2459 2976
1682 2322 6725
2827 3245 952
1683 2424 2318
1723 1953 5586
2110 2540 8731
1057 3367 4333
1263 2441 7826
2474 2841 5610
1818 2929 2124
2098 2123 5812
2333 3303 4629
1508 3192 4625
1164 1790 1432
1930 2540 9812
1201 2485 3583
1431 3271 7638
2625 2872 2088
1245 2400 3569
1763 2056 9813
1010 2806 4500
1717 1774 6917
1159 2681 903
3278 3474 4587
1168 3440 5598
1865 2908 7230
1362 1550 5583
1360 2702 2320
2068 2223 1833
2126 2234 1329
1109 3182 4698
2540 2863 3080
2730 3476 2114
2368 2661 9120
1194 1834 7750
1883 2060 1695
1727 1830 314
1316 2151 2849
1367 3355 1203
1825 2244 5686
1199 1651 3772
1155 2683 350
1823 2643 7654
1534 2089 6549
1442 2346 7553
1588 2994 9102
2299 3403 467
1189 3033 8038
2413 3191 1039
1743 2138 762
1638 2441 3573
1694 3261 4820
1853 3172 1127
2815 3276 9907
3129 3406 9371
3278 3484 1881
1837 2057 4814
2633 3271 3810
1411 1684 7084
1764 2187 1829
1769 3004 9886
1568 2866 9795
2121 2806 38
2459 2703 27
2201 2919 8900
1551 3399 5666
3264 3386 5435
1022 2476 941
2432 2758 4044
1036 3142 9719
1677 1829 9800
1409 1482 773
1261 1385 8289
2351 2844 8530
2991 3303 728
1674 3191 8463
1435 1995 8241
3121 3164 3437
3377 3483 7545
1699 2826 9010
1426 1916 2633
1486 2018 6144
1147 1733 7652
1303 3456 7651
1182 2462 1604
1353 3303 7792
1499 3464 1981
1479 1793 3049
2317 2572 1058
2389 2992 3079
1430 1777 9395
1477 1781 4733
1179 3378 4921
1949 3320 2917
2624 3015 1035
2081 3037 5376
1538 3499 1407
1195 1319 2402
2688 3236 2323
1773 2533 8743
2105 3026 158
1585 3126 920
1954 2718 9555
1834 2945 1570
1112 1762 2955
1794 1941 5164
2520 2788 4739
1000 2417 6263
2804 2953 7534
3214 3474 5750
2237 2905 2499
2391 3220 1751
1106 2051 6958
2574 3359 2976
1249 1386 2880
1797 2887 6569
2285 3442 5644
2115 3179 5820
1531 3180 4514
1653 2805 1941
1642 2743 8763
1216 1982 4683
1126 2270 9522
2324 2571 692
1969 2496 6184
2463 3149 224
2540 3122 6945
1115 2229 69
1438 3281 9823
1794 1852 9163
1908 2230 7356
1241 2784 5037
2997 3033 2520
1173 1333 1760
2627 3443 401
2360 2702 42
1745 3371 7681
2778 3243 3275
1922 2486 8781
2050 3012 4618
1116 2531 1770
1248 1388 1704
2957 3236 1436
1364 3161 3743
1077 2083 4700
1209 1375 4910
1027 1525 7927
1189 1861 4530
1206 2026 7654
1916 2253 6640
1413 1814 7060
1924 2484 7326
1423 3444 9777
1173 3074 8706
2012 2342 500
1221 3376 8604
2424 3199 8303
1198 2268 5828
1621 2639 2599
3007 3094 4208
3295 3357 4358
1325 3389 4810
2787 3262 5928
2426 3312 1585
1632 1634 6237
1126 1355 8771
2251 2764 7816
1925 2100 8331
1241 1870 9751
1277 3027 9041
1905 2251 3979
1023 3480 9276
2007 3019 4635
1618 3023 1694
1609 3119 3053
2456 3119 7934
2650 2793 4585
3306 3349 3762
1588 2933 7672
1968 2766 4051
1274 1588 8209
2480 2685 4028
2310 3328 1026
1091 1454 2483
2107 2776 3691
2272 2774 9422
1119 3034 1531
1461 3048 3006
3354 3466 9079
1330 3450 7103
1532 3070 9956
1101 2288 4485
1326 2211 9283
2940 3266 1464
1529 3108 1990
3145 3288 4476
1413 2881 5881
2435 3033 9130
1216 1831 4491
1096 2948 7534
1589 3373 5041
1653 3109 108
1941 2952 847
1010 2134 4995
1781 3420 4962
2565 2726 8402
1957 2967 7992
1897 2532 2121
2093 2774 9425
1887 2394 7275
2741 2863 7567
2835 2978 5486
2242 3065 4640
1312 2473 4448
2137 3411 2891
1826 3391 3050
1017 2314 543
1110 2136 1023
2144 2971 633
2844 3331 6917
2519 2911 8790
1234 1846 2639
1499 2308 1886
2012 2016 8407
1093 1149 3290
1544 2945 9866
1197 2980 4253
2242 3246 3489
1779 1875 1147
1438 2394 8491
2793 3456 7785
1973 3051 9013
2568 3459 9854
2908 3223 8140
1009 1661 6364
2454 2641 7074
2244 3284 427
1758 2977 685
3337 3416 7022
1834 3100 7740
1610 2304 8364
1689 1775 4346
1726 2562 9443
1926 2917 8432
2833 2960 4496
1741 3422 6510
2772 2968 3667
1720 2770 7316
1438 2752 4832
1068 3190 3016
1964 2631 7304
1176 1460 3799
1831 3105 1426
1717 2808 7660
2288 3255 9354
1858 3226 3216
2446 3329 3987
1348 1723 1550
1057 1345 8611
1438 2213 7652
3349 3434 7840
1153 3317 832
1024 2760 3987
1358 3125 1430
1176 1853 8647
1007 1125 6198
1571 2625 3100
1715 2341 274
1724 3268 4645
1771 1973 5151
1528 3056 3454
2037 3415 4830
1917 2980 2684
1369 3081 1708
1123 1664 2352
2319 3237 6044
1034 2616 8051
2165 2987 143
1845 2386 1355
2100 3259 6154
1803 2689 5961
2120 2446 8998
2911 3089 2464
1678 2792 7309
1344 3252 1349
1775 2128 956
2290 2627 3649
2594 2925 1833
2122 2477 4192
1757 3268 2458
1484 2774 3463
1067 2481 833
1940 2897 4947
1109 3224 6841
2812 3068 7297
2186 3181 906
2040 2354 5639
2390 2979 266
1061 2344 5414
1939 2488 9174
2540 3187 8212
2490 2633 7356
2584 3153 2177
1121 1135 9202
2059 2460 831
1155 1499 157
1345 2598 869
1575 3492 4761
1952 2744 8015
2060 2401 6521
1388 3071 5613
1018 2251 9078
1793 2418 257
2419 2896 1310
1175 2881 8643
1513 3235 106
1909 2953 5912
1373 1459 6305
1729 1889 8868
2069 3128 9480
1987 2136 5001
1739 1866 3082
1395 3069 1500
1663 2037 9947
1101 2736 1564
2179 2712 647
1221 1528 6995
1531 2716 1071
1805 3281 4667
1676 3044 7994
1593 2359 3016
1389 3267 6526
1170 1639 1092
1899 2687 6192
1522 1553 7575
2404 2410 1397
1565 3110 4867
1702 2805 7523
1086 2752 2378
1218 2398 5185
1479 3410 4824
1255 1326 8150
2247 3490 8233
1372 1772 8259
2396 3141 4915
1600 2077 4680
1747 2646 3891
2287 3404 678
1281 3312 2676
2967 3467 5303
2519 3205 2670
2294 2409 1299
2015 2032 2583
2374 2728 7663
2628 2877 7653
2295 2815 5544
3116 3251 3621
1355 2729 5598
2310 3242 2371
1323 3416 8513
1312 3405 9757
2446 2760 4785
1316 2579 6593
1221 2949 6615
1344 2241 1569
1443 3341 3481
1067 1557 9305
2806 2824 3757
2153 2964 4271
1594 3016 6033
1928 2310 5744
2054 2744 4659
1705 3242 5913
1044 2971 6105
1334 2122 7293
1228 1602 5019
1071 2644 2143
1890 3113 4191
1973 3297 3250
3048 3359 9885
1448 2415 8277
2316 2925 7739
1616 2679 8178
2181 2683 253
1048 1249 4095
1465 3458 5588
1720 3152 3946
1021 2188 931
1147 2998 899
1393 2851 9296
1470 2964 6613
2030 3007 7150
1195 1934 622
1948 3363 910
1864 2564 7793
2628 3150 8410
1487 2916 3648
1343 1608 9071
1135 1879 4217
2502 2547 8042
2340 2627 9878
1249 2340 6582
1025 2521 8070
3096 3421 4606
1925 2269 7711
2137 2636 8322
1266 1534 4013
1367 1923 7845
1783 2409 6373
2605 3131 5466
2948 3281 9789
1563 3305 3830
2314 3157 866
2771 3146 7569
1913 3050 8965
1695 1900 2291
1716 2996 326
2106 3206 3069
2044 2052 5655
1821 2150 68
2054 2105 4215
1822 2178 4993
1824 3483 5050
1632 2706 906
2836 2996 9501
2936 3026 6719
2638 3235 1986
1519 2578 4463
1840 2608 5565
1203 2459 6842
1481 2944 5569
1400 2843 904
2763 3434 9837
1756 2077 1539
3007 3406 4242
2425 2970 9712
2948 3429 330
2527 3376 6707
2051 3105 2690
1825 3448 9362
2179 2849 3842
1161 1368 7721
1302 1683 5781
1078 2847 8936
3341 3357 7428
1155 2540 1909
1731 2728 2342
2090 3476 1314
1324 1338 3962
1517 3173 2771
2288 3271 6607
2033 2836 3337
1024 3289 9784
1520 1977 8121
1782 3401 434
2954 2988 1630
2222 3314 9774
1863 1921 5100
2608 3273 6586
1140 3034 129
1060 2999 6585
3319 3490 2984
1567 3314 2983
1352 3088 5722
1040 1630 2843
1352 2862 7984
1950 2295 6719
1675 3449 6272
2564 2816 8440
1238 3037 5577
1392 2244 3981
2065 2728 7481
2152 2684 2105
1216 2058 9318
1999 2788 4551
1377 2477 7963
2550 2797 5136
2478 3311 6932
1594 2382 9498
1827 3480 8502
2756 2886 3271
1377 2328 6478
1718 2823 1951
1823 2845 9183
2180 2404 8077
1205 1994 3954
2879 3388 189
2366 3354 6425
1882 3163 9624
1375 2521 8473
1141 1514 6329
3026 3200 7495
1481 2519 3073
1104 3188 6533
2232 3186 2212
1944 2346 6946
3024 3344 3198
1246 1703 3533
1208 1976 6394
1983 2495 4749
3266 3400 8043
2259 3350 3213
1035 3395 5674
1681 3303 8955
1955 2213 246
1530 2843 2021
1725 1873 2792
1382 3321 6796
1142 1235 9933
3220 3496 5855
1604 2591 8521
1984 3118 3566
1314 2213 2259
1049 2254 1808
1680 1797 2140
1235 2780 7774
1596 3211 423
1881 2829 1564
2744 3000 7770
1589 2350 5887
1188 3377 8065
2223 2227 6057
3230 3414 5997
1759 2028 2392
1388 3195 1960
2142 2825 8229
1061 3459 602
2035 3074 9245
2200 2361 1190
2337 2422 205
1007 2630 615
2512 2772 3226
1550 3127 4935
2989 3027 6776
1165 2820 6784
1551 2866 6481
2596 3226 1797
1111 2310 8093
2155 2330 8750
1313 2159 5180
1202 3478 2476
3054 3106 5772
1109 1273 2629
3314 3330 4914
1682 2561 4423
2327 2822 2693
1903 2200 8805
1532 3072 6041
2049 2306 4484
2691 2980 2179
1196 2002 7045
1441 2414 3894
1318 2282 6052
1833 2040 1439
1295 2631 5556
1359 1496 1192
1420 2252 1936
1854 2891 547
2112 3241 4578
1717 2498 3562
1395 2972 875
1623 3112 7087
2716 3424 5225
2359 2387 2330
2316 3464 9310
3213 3272 7838
1110 2390 9998
2581 2944 5938
1215 1836 5526
1540 2908 654
1834 3419 45
2467 3086 2553
1796 3392 3224
1406 2342 6716
1503 2472 9557
2038 2483 6611
3067 3166 4447
1877 2585 1493
2772 3086 8214
1538 1737 6424
1955 2670 7636
1814 2761 8189
2020 3435 914
2446 2686 4688
3033 3054 4025
1293 1872 6667
1946 3026 1613
1253 1390 1272
1942 2111 3207
2032 3293 1547
1573 2380 2029
1301 3417 1132
2495 3462 8823
1288 1749 4876
2653 2976 3361
1860 2587 3142
2452 3485 1018
1532 2246 630
1622 2241 4809
2056 3275 9795
1446 2228 1593
1785 1889 6793
1954 2210 9823
1395 1463 3657
3017 3341 581
2325 3234 1160
3082 3378 1074
1031 2455 8825
1623 2573 2339
3035 3130 1476
2158 2314 1025
1910 3073 612
2369 2440 1204
2291 3230 211
2172 2726 640
1575 3130 9002
1907 1964 751
2571 3069 1270
1463 2808 666
2559 2913 1965
2838 3117 9391
1144 3471 3417
2875 3096 9657
2109 2194 9895
2450 3426 2887
1985 2546 3935
1814 2840 5807
1171 1270 7667
2641 3144 5847
1661 3118 2546
2622 3427 947
1727 2482 4484
3010 3368 6746
2483 2782 9728
1025 2882 4861
1948 3250 8164
1707 3456 7172
2874 2883 5790
1219 1596 1437
2988 3070 6331
3298 3364 8299
2009 2445 5582
1780 1909 6578
1062 2477 761
1066 2467 9725
1265 2192 2743
1614 2403 5933
1367 2805 9160
2632 2668 5429
1355 1927 2832
1994 3169 9330
1056 1140 2722
2659 2823 441
2554 3327 5382
1697 3436 3575
3330 3353 6833
2511 3272 4923
2098 3493 4554
1098 3249 3964
2815 3201 60
1112 1328 8214
1651 2632 6248
1089 2012 8722
1080 3188 8854
3168 3392 4814
1858 2088 2766
2169 2997 6859
1093 1605 5120
1589 3257 2373
1239 2769 2359
2371 2847 9549
2238 2493 3831
1033 2469 54
2113 2932 1446
1189 3039 4431
1068 1902 6170
1212 1958 8763
1866 2776 8894
2891 3394 6028
1382 1801 6610
1133 1436 4337
1165 2833 7144
1324 1987 6008
2050 2712 4514
2117 2174 3723
1296 2567 7155
1298 2549 3386
1223 1232 447
1958 2171 1340
1485 3076 3480
1163 3489 6519
1696 2801 289
2130 3158 949
1727 2287 4790
1282 1429 5794
1834 2812 6007
1155 3089 6438
1516 2886 5278
2118 2805 7376
1125 2787 8122
1590 2195 7081
1472 3419 6110
2689 3494 5188
1324 3170 3317
2182 3343 9534
1322 1963 1239
1063 1783 3428
1091 2806 6829
2205 2852 1793
1079 2690 1381
1237 3113 1762
1898 3313 7290
1850 2727 6428
2649 2860 4553
1066 3133 6909
1518 2121 9323
2080 2821 2618
1934 2668 439
2831 3335 5200
1219 2044 3297
2467 2766 9651
2684 3028 8134
2281 3393 8156
1297 3321 8928
2020 2874 1998
2083 3110 4695
1284 2850 5157
1072 1196 8135
1173 1755 9807
2935 3108 4021
1024 1355 9375
1502 2868 2657
1965 2242 3889
3011 3346 7699
1869 2025 6736
2281 3486 6623
2169 2682 9999
2504 2948 5672
1480 2971 7108
1454 3170 8958
2009 2408 3716
1725 3417 7487
1904 2348 8989
1674 2507 1843
1364 2611 9438
1731 2291 8327
2451 2695 255
2190 3360 9719
1329 2576 4543
2053 3087 8733
1735 2897 3226
2154 3029 9921
1060 3284 4477
1988 3039 3898
1329 3154 8095
1594 2604 1598
1269 3266 819
1392 2884 2672
2507 3193 3262
2303 2989 5680
1547 2859 5784
1939 2966 56
1672 1856 7785
1834 2449 4394
1387 2619 3057
2160 2606 3374
1842 2003 6253
1385 2088 3577
1222 1678 5854
2824 3223 652
1407 3426 7592
1203 2778 4391
1350 3155 6665
2927 3375 3203
2244 2523 4429
1470 2696 233
1271 2476 4568
2554 3112 8477
1452 2918 2114
3196 3472 933
1531 3228 7430
1304 2195 5283
1617 2700 3809
2509 2550 7002
1225 2157 1826
2047 2374 147
1354 2041 9544
1055 2753 3471
2889 3114 9324
2054 3051 3544
1144 1750 9966
2182 2472 1205
2369 2985 1994
1356 3137 5635
2520 2683 7455
1911 1930 8359
1307 1811 565
2392 2951 3124
1162 1257 763
1484 1924 7402
2476 2517 6418
1240 2853 8728
1858 3175 1800
1176 2657 4138
1560 3153 3161
2272 3087 5012
2989 3191 5879
2945 3457 6359
1558 3064 2160
2647 2665 5406
2333 2538 4839
2176 3083 2885
1128 2213 3609
1686 2887 5724
1778 2323 4913
1508 2825 3534
1778 2939 8615
2041 3120 6806
2911 3352 1501
1472 2787 9342
2274 2598 788
1310 3119 9404
2944 3492 3300
2925 3399 3837
2498 2662 7464
1296 1576 1080
2894 3264 883
1557 2871 240
2927 3076 6507
1109 3032 4988
1086 1858 9726
1000 2136 1033
1542 2073 9282
1492 3249 6685
1607 2934 1004
1034 3162 3267
1674 3440 5169
1842 2018 8461
1502 2235 2438
1391 2734 4674
2795 3371 2497
2145 2917 2914
2681 3140 4753
1219 1422 7041
1649 3090 464
1129 3416 2157
2088 2742 5500
1424 2188 4469
2963 3175 7014
1345 2365 7253
1017 2750 9675
1741 2507 2008
2903 3418 7732
2443 3076 9132
1625 3459 7142
2586 3188 3688
1612 1708 1014
1137 1565 1440
1229 2802 3767
2596 3051 3129
2118 3264 2703
2471 2974 9483
2623 3026 87
1060 1914 190
1736 2388 1407
1143 1152 12
2371 2482 6727
2457 3063 7776
1117 1553 2922
1365 1804 4293
1601 3135 1036
1812 2659 7290
1089 1342 5610
1419 2195 4098
2553 2678 1568
1814 3180 3218
2050 3083 6513
1092 1411 2498
1633 2106 9543
1212 2448 7362
2043 3490 21
3228 3395 5433
2627 3124 9321
1763 2479 2033
1414 2797 4959
2368 2639 5703
1534 2257 3341
1059 1847 3341
1340 1668 3659
1343 1868 5640
1066 2092 1425
1714 2533 8523
2336 2421 9434
1354 2079 224
1896 1924 6454
1288 1317 4050
1450 1534 6279
1314 2243 5674
1938 1985 8148
1387 2675 1134
1191 2531 7987
1467 2078 8133
1169 2622 2639
1544 2481 6944
1721 3406 6459
1468 3265 7640
1111 1348 3462
1023 1031 4348
2271 2566 760
1024 3482 9185
2010 2326 121
2411 2893 3897
1971 2799 4433
2830 2886 1733
1557 1843 6165
1928 2931 218
2042 3238 6699
2139 3014 3404
2470 3413 3783
1944 2700 5891
2490 2768 3402
1237 2026 7835
2364 3323 5396
1349 1704 5644
1712 2008 3045
1163 2790 7529
1913 2721 5209
1663 2532 1480
2293 2473 5076
2081 2305 7195
1135 2913 1769
1025 1426 2948
1618 2038 6085
1026 1056 7856
2506 2826 6511
1690 2619 7960
1990 3281 1901
1126 1704 1691
1218 1744 1861
1571 1774 9664
1168 1841 5021
1015 3491 3531
3155 3251 9596
2913 3201 2108
1119 1756 4679
2548 3188 1359
1365 2384 3629
1727 2035 6963
1200 2907 4148
2527 3472 9167
1664 1963 2069
1897 2868 1275
3111 3224 2670
1877 2624 4571
2660 2763 3782
2444 2865 8919
3254 3377 6496
1145 1165 550
1233 1813 2119
1645 3382 4093
1653 1857 2242
1627 2523 6067
1766 1996 8826
1221 2426 7078
3003 3280 5798
1457 2515 9632
2349 2977 480
1648 2803 9851
1557 2220 5897
2850 2890 4174
1020 2429 9515
2507 2561 3167
1391 1396 4653
1204 3196 9667
1406 2341 2891
2090 3365 5203
2845 2869 5161
1772 2001 4828
1400 2942 4809
1576 2949 891
3057 3405 194
1743 2888 8574
2775 3373 7526
1447 2383 4512
1691 2645 2359
1037 3379 7010
1913 2080 1970
1641 2051 2923
1246 2302 4811
1198 1346 8910
1672 2052 8632
1083 2200 3100
1958 3479 6411
1404 2291 4804
1752 2892 3906
1675 2115 5339
2265 2869 8050
1259 2500 8187
2327 2416 1988
1174 1639 971
1996 1997 9708
1376 2569 4818
3071 3099 3747
2420 2746 5650
1436 2948 4929
1004 3415 1712
2052 3047 3608
1926 3238 7172
1309 1849 454
1338 3187 6885
1371 2613 4588
1408 1645 6790
1142 1255 6438
2020 2875 4009
1551 2433 4202
2367 3389 1655
1386 2467 5415
1270 2593 4907
1450 3090 1172
1398 2519 5811
2062 2591 2600
1632 2867 1659
1489 1506 5078
3411 3420 7110
2402 2656 3930
2483 3465 2059
2598 3411 1945
2893 3306 6390
1077 1132 9826
1304 1779 1209
1586 2482 9138
3288 3328 6374
1553 2847 2570
1925 2005 4851
2049 2114 5309
1254 2267 1742
1881 2542 2732
2831 3022 717
1183 3133 2894
2335 3061 2475
3186 3420 1367
2306 2377 3200
3140 3312 795
2276 3104 6934
2661 3228 5804
1958 3155 9035
1497 1603 8288
1769 3102 1386
1789 2414 2297
1341 1394 2417
1997 3217 3841
1592 2661 4982
1744 2007 4978
2214 3262 9196
1354 3447 2185
1612 2443 330
1857 2786 7505
1902 2051 3984
1319 2411 8912
1328 2144 9135
1174 3228 3353
1235 2283 7775
2407 3210 7178
2317 2677 408
2452 3094 9404
3214 3271 9859
1340 2029 3829
1882 2692 828
1130 3401 2782
2110 3049 7438
2140 2236 2414
1389 2657 6369
1333 2536 199
1428 2480 8488
1376 1769 9550
2124 3302 3978
1719 2927 4038
1655 3368 6187
1364 2454 8202
2053 3438 2188
1709 3437 7344
2307 3425 4984
1576 2782 1847
1883 2149 8402
2527 2885 3329
1538 2054 9273
2306 2521 5805
2801 3395 1936
1977 2936 7612
1659 1768 7164
1320 2121 6166
1496 2478 5004
1229 1933 2433
1519 1738 3754
2168 3001 115
2158 2865 880
1695 1762 7646
1866 1919 1021
1881 3293 3200
2386 2786 9518
1019 2163 320
1292 2820 9393
2677 3112 4857
1482 2266 3378
1504 2344 9454
1697 3182 4173
1871 2615 9517
2559 3197 429
1051 2622 2115
1847 1984 6904
1157 1510 5914
2791 3255 1828
1606 1738 5611
1088 1223 3722
1500 2426 8052
1363 1690 3696
1713 2836 6337
1793 2622 885
2384 3346 4930
2127 2621 3531
1281 2272 770
1121 3337 6206
1213 2917 8944
1441 1735 3901
1259 3362 3473
1923 3297 3800
1919 3320 6607
1040 2147 6998
1236 2992 362
1365 2078 1926
1527 1840 1590
1754 3066 1896
3033 3231 2697
1075 3049 3727
2516 3256 1950
3179 3395 661
1309 2886 1029
1111 2466 4937
2196 3038 5569
2473 2557 8246
1021 1273 7902
1740 2096 7479
1900 2011 3280
1287 3171 135
1750 2101 9961
1300 3124 665
1370 3434 7252
1454 2574 4662
1214 2588 6568
1387 2814 2608
1507 2750 709
2571 3113 9314
2584 2881 516
2849 2876 5018
2034 2629 9173
1651 3210 9196
2730 3390 3072
2594 3382 7867
1193 3023 7003
1377 2107 8039
1003 2679 3037
1875 2036 9892
1397 2151 6774
2266 3385 1486
2796 3382 562
1414 3212 2871
1693 1741 3009
2409 2777 5729
1081 2274 3948
1969 2211 404
1183 2530 8577
1857 3217 6986
1441 1692 9396
1706 2832 5082
1637 3251 5627
1035 2796 2170
1805 1962 5184
1598 3403 3106
1258 2171 4616
2466 2906 6053
2240 2299 589
2165 2380 4692
2362 2429 6480
1035 2475 3454
1278 1522 3779
1732 3078 6120
1213 3412 1576
1831 3335 2410
1054 1725 6872
2433 3111 4027
1082 1231 9326
1619 2962 3108
1758 3363 343
1991 2548 7797
2631 3236 5036
2504 3345 3373
2337 2850 702
1879 2911 7669
1970 2495 7767
2873 2888 2759
1013 3286 9869
1065 3226 9498
2418 2767 6036
1074 1958 6972
1324 3272 3974
2523 2861 6071
