500
344 375 7504
147 338 2172
130 394 4343
78 263 6721
338 381 9283
208 403 449
175 233 3638
324 415 7224
212 421 9613
86 237 1669
269 437 1222
51 140 3452
121 257 1174
233 500 9685
84 224 8252
123 203 2146
125 327 9700
94 212 1697
30 158 9264
64 201 1680
2 343 7883
150 446 7120
153 464 7883
257 308 3611
36 92 966
167 248 7070
126 422 7650
64 141 1889
155 450 8877
192 379 596
99 392 127
169 196 9720
131 310 816
139 212 6807
126 163 4587
100 463 3623
110 224 1675
82 366 9111
27 441 9675
250 373 3743
43 67 2438
218 410 6458
127 486 2629
202 317 8420
205 457 7706
48 379 3951
342 462 1640
3 377 223
61 278 7213
1 483 2618
115 254 8549
433 493 1983
97 224 7037
176 389 5364
38 144 9219
422 483 4402
224 246 4558
282 357 4592
146 455 5493
348 420 1380
83 390 6913
45 117 9954
340 464 6215
183 464 3764
14 302 9876
50 323 1844
242 420 1218
43 358 6246
226 334 5274
131 193 8843
4 156 6171
270 441 4985
363 435 2742
166 440 383
468 476 3793
1 341 7511
352 498 1597
4 116 1891
145 326 9783
352 398 633
6 19 2069
373 431 4171
214 266 2055
308 413 5436
255 380 7714
121 239 4546
105 251 6822
346 477 1846
222 255 1541
147 364 4590
10 298 9710
377 499 4245
228 265 4420
104 210 5048
94 436 4879
1 33 892
144 213 2368
39 391 5300
21 126 4563
17 108 4811
212 281 135
269 277 1505
265 308 6372
486 489 2459
66 324 8276
119 239 5818
112 498 4784
119 291 9631
52 355 8728
362 484 645
354 496 8586
33 38 2471
82 450 3390
439 461 590
103 327 8946
203 456 6
176 483 1034
418 488 6614
156 314 4423
31 33 6135
59 135 7789
157 500 4352
101 285 5142
45 366 5405
117 248 1753
33 139 9469
16 103 9902
84 473 7142
17 297 6824
201 419 8051
208 244 7825
15 75 8545
299 373 6475
67 359 7507
211 236 8272
203 260 9784
326 477 209
197 207 8683
59 164 6898
184 215 1297
114 168 604
180 400 4034
430 487 1475
237 431 6640
10 488 5747
244 491 7199
100 293 6939
126 208 936
346 478 3443
346 426 6338
64 174 883
70 483 2666
48 383 2396
94 416 4045
115 492 3262
128 483 6040
132 421 7395
373 434 1382
193 384 577
110 412 8238
112 475 4151
82 497 3949
76 379 5295
194 328 7322
44 93 5225
111 216 5546
166 331 6457
402 454 1468
402 421 6224
197 378 2605
45 298 7755
21 241 7225
326 425 6851
75 106 321
284 372 3231
46 498 409
48 443 9880
182 210 9620
217 219 371
116 319 3124
125 264 569
309 465 8888
112 147 3624
49 327 8868
114 119 843
86 327 844
404 405 9468
214 363 9829
243 358 940
177 494 9344
113 203 691
167 457 3013
93 164 2460
52 145 7263
11 470 7924
87 272 7771
58 245 880
407 484 1457
122 326 1776
276 406 281
168 449 3413
277 381 510
180 468 6737
59 214 3230
62 278 693
109 401 201
254 410 9484
318 427 634
51 57 1553
261 311 2532
350 400 9818
60 118 7757
72 99 9912
24 278 3228
116 129 7131
24 275 4870
15 343 5715
207 360 3252
105 111 5400
151 280 8017
200 316 3678
346 444 1723
76 400 9306
136 210 2711
282 466 4246
85 149 8037
40 238 9988
201 298 7775
56 397 8835
40 416 7395
197 443 3967
279 363 3241
2 369 2310
267 281 4505
4 33 9633
137 183 4287
345 353 9873
160 417 8461
72 123 9217
87 138 7233
272 279 2329
122 445 3467
70 463 1601
129 303 2775
266 404 6255
7 491 5582
109 382 4418
224 394 5159
118 375 5919
102 438 4049
28 216 8327
94 234 4842
193 442 4559
165 454 9663
247 251 2496
283 438 8821
182 297 2858
432 433 4358
115 296 8889
117 342 5081
27 477 7502
160 242 8322
136 210 334
172 456 7986
290 402 5092
244 264 4470
366 498 9596
110 124 7458
236 354 4717
220 400 9566
179 188 9630
29 299 4380
127 154 9177
142 448 312
159 404 9386
10 292 4277
51 297 5300
178 341 487
81 83 260
280 300 4450
67 360 9138
40 138 6243
309 373 9652
320 481 5322
154 333 4097
117 269 7228
279 483 5441
188 430 4101
363 420 2243
338 424 5507
150 162 8259
193 263 4047
145 374 1422
236 493 2409
181 362 6190
337 406 4565
49 486 9630
186 451 8842
71 440 7643
154 332 7254
176 436 1800
117 272 7410
395 427 2990
126 440 6052
410 462 1668
62 379 5582
55 435 5434
25 422 3197
384 432 8852
237 333 7524
98 180 104
254 496 5245
116 452 3412
214 320 6377
166 179 4351
358 454 9328
92 403 8777
178 390 2797
325 478 7371
192 485 5002
220 249 8222
302 413 595
47 431 4770
192 295 9402
19 35 2806
316 388 9918
138 140 2750
14 75 5019
39 356 3931
231 464 1431
222 312 324
188 356 2253
333 350 9318
201 294 4952
12 376 1296
115 131 4410
377 474 3279
66 146 5654
384 456 4339
26 475 3360
37 266 2373
215 431 1042
29 337 810
20 392 2483
292 408 4480
103 142 6126
96 148 7878
114 470 1509
66 241 8996
170 343 43
229 240 3589
451 469 8121
371 471 8797
92 216 5270
270 372 2878
379 412 3278
401 444 7786
219 464 8471
137 385 7044
67 308 9168
6 328 4997
273 315 4784
79 372 2964
320 382 8611
323 349 6357
384 468 5977
159 344 6100
149 406 4085
305 362 4784
179 186 6195
290 322 4124
145 211 8040
132 199 8916
343 494 8397
419 438 7565
58 373 3964
46 359 4813
203 481 5313
389 437 356
71 265 1260
288 489 6654
214 311 4067
49 306 284
334 468 3861
334 440 8214
172 452 3046
6 488 8944
98 480 6112
98 424 7761
278 291 1857
266 285 554
16 154 9490
77 437 6772
92 284 8995
137 211 7340
145 192 1167
211 251 4502
156 497 3796
46 149 9102
91 376 512
409 489 6484
140 479 9400
22 194 860
413 448 9348
469 483 9468
270 359 9286
69 215 1949
11 46 7599
243 327 512
101 397 4101
64 268 3560
341 360 2002
85 446 5126
186 263 6751
29 207 9990
84 464 1559
184 385 9765
270 324 4347
141 320 4121
121 183 2092
34 440 7383
7 48 7266
126 218 3931
339 430 6616
189 500 912
262 295 3874
213 325 7672
247 391 4966
27 176 3483
378 440 6981
243 485 7415
91 432 9586
459 484 3328
79 131 6975
238 273 9665
179 370 6449
171 316 681
184 392 8540
203 482 3609
182 266 8773
29 276 4179
304 340 6124
332 364 1794
183 461 185
28 311 8316
117 257 778
160 434 241
236 488 8350
49 484 917
156 421 8766
96 239 5923
367 422 8274
148 303 4309
118 121 9876
138 303 476
198 444 4416
33 118 776
401 481 6531
183 240 1133
67 195 1910
101 150 6682
153 251 4651
39 380 6583
367 490 434
116 229 5627
96 289 1415
70 349 6527
344 376 6743
223 281 6276
48 225 79
210 375 1329
429 460 5653
56 334 18
11 496 3791
82 158 8626
155 257 6597
246 306 9167
12 221 5351
265 336 3025
304 306 4609
228 234 7247
105 301 9140
251 409 5833
16 36 2160
209 259 1798
34 499 8032
279 333 8500
119 313 7052
47 239 8747
83 469 2456
169 314 6496
27 302 1714
221 391 530
380 386 5641
167 291 2576
157 414 7658
18 156 9498
270 490 8155
42 179 8886
188 472 1806
