5000
2273 2333 2080
2004 2317 647
2018 2467 257
2000 2072 1472
2075 2169 9295
2231 2384 5235
2174 2228 7213
2060 2268 2702
2135 2337 3534
2224 2406 8703
2244 2246 8846
2005 2174 6793
2050 2372 181
2256 2462 1520
2211 2315 9756
2190 2248 7825
2166 2190 6090
2233 2368 1578
2005 2163 6807
2193 2480 1600
2106 2219 9122
2447 2498 9726
2452 2467 5537
2081 2152 7417
2187 2414 5524
2251 2285 4449
2033 2239 2383
2105 2428 3625
2160 2202 2608
2144 2452 94
2423 2476 7822
2367 2392 2049
2112 2270 2464
2099 2126 7939
2331 2357 1880
2130 2467 5783
2238 2300 8315
2042 2454 8418
2018 2177 9815
2095 2479 7598
2077 2444 2834
2038 2264 6552
2243 2439 7682
2308 2411 414
2273 2281 3389
2237 2499 7477
2109 2199 9928
2000 2207 518
2043 2207 1391
2211 2460 518
2022 2294 6638
2009 2326 443
2370 2473 8645
2078 2147 9559
2048 2256 3582
2407 2432 3138
2170 2376 6222
2148 2260 9610
2116 2271 8990
2066 2186 920
2357 2381 7199
2008 2341 6375
2168 2169 8106
2183 2291 2636
2249 2382 2371
2388 2423 2671
2374 2437 1742
2110 2490 7708
2035 2404 1326
2238 2297 338
2146 2189 6442
2228 2491 5790
2045 2470 6922
2004 2339 2045
2107 2359 4266
2130 2157 2016
2129 2305 4270
2190 2325 3312
2013 2298 713
2356 2381 7323
2041 2125 3204
2110 2450 5690
2258 2442 3371
2264 2370 4801
2064 2254 8853
2176 2334 7997
2421 2446 9750
2056 2440 2466
2273 2320 2702
2162 2318 6977
2163 2268 2829
2003 2227 9593
2219 2317 3909
2140 2327 338
2034 2266 591
2242 2419 8493
2088 2129 8663
2093 2318 3171
2371 2444 7598
2022 2366 4743
2072 2079 6806
2204 2302 3483
2188 2369 364
2094 2490 1054
2402 2482 5694
2267 2444 6132
2021 2084 4056
2095 2473 1636
2015 2449 1423
2177 2210 4175
2081 2362 7581
2048 2351 8959
2163 2293 9152
2269 2359 4741
2108 2383 8957
2180 2208 4289
2199 2394 9361
2120 2400 6900
2014 2484 3287
2007 2332 8816
2453 2468 7755
2002 2439 4483
2069 2254 3366
2279 2280 2020
2177 2252 157
2335 2403 2963
2170 2311 2067
2192 2305 5781
2289 2492 1782
2002 2479 650
2289 2372 7218
2079 2176 3809
2424 2479 9963
2306 2440 9462
2046 2378 4669
2256 2308 907
2042 2199 3761
2420 2441 6285
2344 2494 3153
2103 2151 9475
2216 2266 4512
2126 2267 5197
2101 2339 169
2028 2205 5333
2059 2445 7873
2137 2357 9937
2098 2185 8857
2136 2356 9790
2082 2144 2955
2002 2103 8257
2026 2041 5406
2038 2243 8674
2185 2211 9539
2007 2104 1109
2030 2087 6462
2026 2455 5460
2072 2074 8693
2056 2438 9035
2301 2346 2339
2179 2230 8041
2047 2224 642
2403 2465 3304
2190 2389 1255
2006 2401 3228
2103 2150 9301
2067 2214 6379
2301 2476 2557
2220 2237 3078
2115 2405 9477
2230 2489 5201
2121 2485 5648
2145 2462 2196
2164 2265 9277
2061 2426 829
2260 2428 7266
2171 2451 2448
2295 2344 2367
2048 2304 7986
2030 2238 3057
2069 2170 7470
2430 2479 4563
2152 2405 619
2386 2477 2931
2100 2349 4488
2402 2494 2463
2153 2426 5126
2102 2255 9121
2290 2378 1197
2090 2182 3588
2154 2251 2027
2007 2312 2059
2012 2017 1166
2151 2170 1149
2030 2289 8154
2124 2404 2096
2216 2238 2535
2143 2259 5825
2206 2230 7784
2097 2127 6047
2201 2267 3315
2053 2183 6688
2097 2495 2072
2046 2153 2015
2093 2404 8485
2059 2279 6822
2102 2453 6364
2250 2327 3075
2285 2485 5270
2130 2259 3996
2345 2454 6233
2341 2385 7865
2041 2162 1643
2094 2159 4418
2036 2132 4900
2231 2494 3709
2228 2409 7286
2191 2311 9920
2181 2420 3212
2310 2329 5617
2069 2177 3934
2246 2435 6554
2270 2404 1845
2042 2257 3738
2253 2388 4920
2101 2474 5361
2101 2489 1092
2192 2485 9058
2150 2227 5757
2248 2432 8886
2287 2372 7668
2080 2273 5859
2296 2329 5746
2065 2177 3482
2017 2190 5322
2053 2391 3806
2030 2466 7937
2019 2476 3902
2021 2123 7816
2127 2292 3944
2121 2402 3164
2160 2276 9474
2399 2488 2580
2213 2251 9630
2059 2365 1760
2156 2498 9734
2084 2490 234
2182 2384 9964
2231 2471 1399
2332 2467 5630
2177 2230 5579
2290 2377 4591
2072 2191 8679
2187 2211 6400
2115 2213 5236
2099 2347 2285
2025 2464 8891
2058 2424 878
2277 2298 8691
2262 2364 7232
2117 2156 8669
2161 2323 7337
2029 2375 7750
2166 2331 3476
2069 2189 5691
2241 2315 6226
2019 2273 2525
2017 2315 9689
2098 2123 1436
2128 2372 9709
2016 2126 4837
2327 2368 7680
2169 2301 6636
2082 2476 5426
2205 2391 9088
2072 2244 4916
2031 2260 195
2358 2408 1197
2053 2371 9024
2122 2307 6368
2140 2256 2395
2295 2384 2939
2094 2173 4004
2159 2488 6837
2129 2244 5881
2178 2235 2969
2122 2192 8503
2133 2292 2671
2067 2231 8337
2137 2266 7140
2168 2416 1808
2082 2314 4260
2192 2391 9186
2004 2039 4193
2351 2396 6555
2098 2347 7049
2090 2170 7105
2389 2493 9739
2299 2404 3252
2232 2334 3469
2265 2487 1464
2014 2308 4409
2119 2460 628
2213 2239 7325
2159 2205 1842
2115 2333 1504
2215 2280 8861
2237 2485 2983
2219 2391 6688
2114 2195 9297
2332 2390 2626
2131 2191 9288
2242 2443 5220
2208 2429 8583
2271 2276 9188
2235 2329 3502
2156 2385 5542
2102 2234 2143
2113 2250 5515
2032 2377 8906
2055 2249 2022
2043 2340 8202
2382 2495 6516
2348 2495 6206
2420 2458 1373
2086 2329 6486
2056 2123 5549
2291 2499 1494
2065 2219 265
2254 2492 6477
2112 2318 4896
2360 2446 7163
2179 2248 106
2310 2388 10
2126 2488 1249
2370 2492 9434
2175 2205 1666
2213 2343 8962
2046 2138 4643
2155 2309 4256
2232 2341 8218
2091 2290 1018
2240 2275 2426
2109 2430 3250
2072 2236 9994
2128 2133 6274
2333 2397 2626
2250 2457 491
2050 2126 8393
2044 2087 9845
2069 2301 391
2307 2367 2129
2091 2343 8324
2037 2247 2280
2127 2487 9802
2264 2456 499
2193 2203 2668
2281 2384 9478
2098 2112 1147
2116 2125 6330
2004 2334 5801
2201 2381 5680
2159 2185 8132
2152 2253 8703
2131 2140 805
2103 2476 7243
2445 2463 28
2066 2094 464
2253 2264 4183
2128 2339 7135
2031 2366 9609
2350 2366 6924
2238 2257 5885
2185 2262 6677
2002 2234 5821
2144 2423 7681
2034 2346 8792
2127 2155 7550
2003 2124 9110
2238 2472 724
2005 2018 8135
2341 2425 8674
2110 2129 5655
2055 2488 531
2276 2433 8090
2216 2376 5048
2037 2401 6788
2156 2446 1426
2047 2138 8243
2162 2444 8524
2213 2421 7081
2237 2304 2928
2077 2272 2973
2439 2488 7673
2242 2471 8993
2045 2162 7028
2039 2433 7751
2218 2323 1072
2074 2382 3168
2330 2439 9172
2002 2136 5019
2148 2496 1884
2029 2179 2191
2308 2374 986
2119 2189 6879
2109 2397 2936
2069 2342 6703
2047 2416 2554
2103 2146 1863
2150 2383 126
2246 2492 826
2048 2224 1766
2075 2288 6143
2290 2339 6613
2304 2434 1501
2258 2357 9216
2138 2472 1928
2226 2291 6658
2049 2059 9925
2077 2220 820
2154 2200 7176
2325 2416 4415
2204 2455 6441
2249 2299 869
2175 2259 7193
2070 2433 1386
2214 2475 4659
2187 2437 665
2019 2309 885
2071 2188 605
2253 2395 826
2295 2337 1042
2109 2455 5533
2196 2339 4007
2183 2242 2712
2210 2272 3419
2162 2322 6835
2088 2262 6928
2103 2462 9032
2278 2412 7917
2158 2172 4314
2320 2388 8744
2177 2433 2898
2087 2268 790
2041 2471 6102
2050 2256 5102
2162 2449 4457
2014 2255 1669
2304 2326 266
2061 2390 472
2250 2312 8510
2472 2494 389
2377 2462 7646
2257 2387 9637
2315 2405 7364
2322 2439 1129
2407 2448 4794
2429 2450 8680
2084 2311 2420
2111 2162 6476
2030 2149 5590
2197 2322 4698
2042 2156 3603
2352 2433 2721
2090 2463 1713
2195 2199 8541
2095 2183 8355
2155 2325 1308
2042 2307 2871
2141 2187 7736
2003 2440 7800
2095 2485 8123
2147 2499 44
2083 2305 4870
2275 2360 3755
2391 2461 4325
2231 2283 4611
2337 2458 8976
2130 2169 1824
2142 2231 426
2119 2444 7045
2014 2310 1123
2096 2195 2378
2069 2461 478
2101 2450 338
2383 2489 9512
2062 2497 9986
2154 2179 6387
2011 2369 550
2278 2335 4612
2053 2114 1030
2312 2496 2958
2064 2484 3042
2206 2464 920
2045 2294 5500
2010 2013 670
2012 2155 5199
2222 2263 9077
2019 2021 9662
2075 2354 4153
2165 2392 9820
2276 2385 7489
2437 2463 1237
2249 2477 6300
2089 2256 9657
2027 2229 8837
2378 2421 1168
2010 2387 5359
2214 2325 6612
2078 2253 2563
2207 2499 7775
2133 2392 4548
2172 2447 6395
2116 2283 6215
2015 2197 9418
2006 2477 9125
2001 2487 4585
2386 2469 7817
2229 2372 6775
2396 2400 5623
2360 2404 9562
2257 2279 6464
2327 2389 6657
2385 2391 9369
2106 2416 8762
2259 2497 3817
2464 2469 923
2022 2335 6133
2243 2319 4966
2040 2490 6856
2180 2461 6878
2269 2272 7035
2212 2422 3473
2027 2346 6185
2223 2308 6318
2338 2431 7054
2059 2190 5370
2147 2356 554
2397 2498 748
2026 2253 2631
2064 2379 9605
2089 2228 3077
2139 2169 9423
2084 2318 6828
2468 2476 505
2252 2306 303
2350 2485 3716
2190 2443 5881
2188 2403 5568
2121 2444 159
2378 2386 1122
2109 2125 5864
2296 2475 5182
2089 2202 3625
2038 2162 1633
2397 2457 9791
2071 2423 1080
2087 2204 2893
2310 2384 8500
2423 2444 7959
2010 2134 684
2404 2461 4896
2281 2367 1040
2298 2473 4289
2038 2288 5676
2379 2491 7364
2009 2100 3752
2113 2423 9461
2115 2284 6647
2074 2476 2280
2023 2424 4690
2133 2151 4969
2015 2154 2495
2169 2446 7119
2405 2420 6876
2118 2218 1968
2044 2431 7618
2135 2150 828
2245 2331 1249
2142 2394 6310
2182 2354 6626
2052 2410 8637
2015 2369 1771
2113 2423 1042
2446 2490 2950
2148 2377 1515
2263 2362 9323
2071 2224 4246
2221 2312 1761
2130 2333 8979
2118 2446 2935
2062 2267 2086
2017 2206 1037
2034 2483 9622
2087 2365 9912
2035 2282 5375
2284 2347 6612
2050 2347 871
2168 2184 2121
2013 2439 5259
2332 2381 1188
2212 2350 8767
2068 2221 8018
2375 2415 7753
2270 2492 4996
2276 2490 5661
2260 2299 7253
2122 2445 4975
2159 2250 5915
2253 2275 5361
2235 2269 9587
2041 2342 1950
2097 2278 5341
2082 2474 5068
2209 2360 5481
2421 2489 131
2388 2415 5545
2008 2058 2323
2293 2318 192
2358 2425 3727
2290 2347 5231
2040 2238 9920
2378 2459 7116
2020 2061 1116
2041 2212 1697
2173 2195 980
2151 2433 2233
2022 2204 3588
2273 2281 1357
2384 2411 9318
2255 2256 8457
2071 2226 9861
2011 2368 5950
2200 2475 9909
2277 2427 3248
2092 2121 9340
2004 2010 5582
2329 2445 955
2433 2487 7594
2301 2439 2337
2434 2461 2007
2299 2406 8794
2105 2297 4129
2275 2420 3987
2118 2165 5262
2293 2497 9068
2032 2222 9427
2455 2480 7395
2015 2152 992
2146 2452 3507
2175 2241 652
2000 2318 8658
2399 2484 2864
2331 2478 4806
2341 2470 6687
2065 2161 7462
2078 2137 11
2206 2236 1164
2111 2455 4044
2052 2268 347
2031 2399 8426
2032 2041 3124
2097 2354 3389
2203 2410 6650
2054 2347 7302
2246 2308 6363
2095 2330 5759
2058 2433 83
2108 2245 4303
2073 2294 1291
2229 2413 9329
2257 2294 4026
2072 2253 7
2006 2412 4357
2473 2487 2573
2013 2140 4636
2442 2495 4584
2113 2361 5273
2043 2402 972
2096 2250 2529
2249 2306 3676
2071 2390 1135
2103 2197 7050
2256 2416 2097
2134 2250 3358
2286 2293 5879
2143 2442 2805
2133 2194 435
2230 2383 7631
2121 2376 9927
2114 2377 6547
2445 2489 5152
2138 2412 7914
2262 2362 8907
2179 2381 7645
2109 2196 8835
2034 2150 8464
2136 2173 4149
2258 2302 6631
2063 2239 7351
2102 2364 2078
2173 2390 9590
2254 2296 5352
2160 2216 5232
2150 2154 7298
2204 2289 1047
2072 2177 1350
2006 2429 2758
2143 2355 5657
2230 2367 5469
2331 2478 2692
2178 2226 8286
2006 2286 8753
2119 2402 7553
2063 2077 1905
2024 2383 9335
2186 2362 7528
2011 2029 5672
2060 2232 404
2051 2195 4415
2227 2357 3813
2009 2415 7405
2196 2225 2479
2344 2438 1436
2016 2054 8123
2113 2286 1507
2026 2249 7153
2166 2409 8274
2221 2297 8318
2353 2456 1525
2160 2401 8669
2397 2494 1846
2041 2155 154
2089 2244 7523
2257 2465 9208
2391 2413 1846
2233 2272 268
2033 2328 886
2287 2444 4885
2207 2367 2820
2042 2126 2803
2026 2205 9167
2167 2480 8460
2239 2248 8090
2140 2181 6581
2276 2335 4360
2267 2397 6132
2135 2369 331
2321 2490 6461
2337 2492 2420
2220 2375 8859
2331 2359 7822
2032 2154 9762
2013 2420 1560
2375 2493 9991
2234 2272 6252
2120 2330 4969
2152 2400 6062
2069 2446 9845
2123 2382 7445
2106 2173 3811
2448 2462 8154
2210 2265 7755
2283 2321 8577
2366 2368 9584
2185 2364 2363
2195 2462 5802
2051 2294 9572
2093 2101 4655
2111 2164 3351
2010 2184 3564
2258 2393 825
2000 2348 2024
2123 2376 6718
2108 2109 9564
2257 2432 7490
2293 2441 1432
2264 2267 4915
2056 2477 5187
2183 2320 9441
2027 2198 1084
2005 2416 8870
2214 2450 7547
2145 2363 206
2003 2447 4652
2043 2171 2377
2121 2235 6092
2069 2226 6567
2242 2440 2461
2045 2417 8791
2231 2478 805
2305 2365 8234
2171 2199 18
2062 2427 493
2072 2185 7991
2114 2347 4593
2305 2331 3886
2181 2402 1512
2134 2492 5710
2175 2417 2893
2212 2258 640
2106 2335 3925
2238 2294 7720
2281 2312 6735
2048 2292 7315
2202 2352 2889
2209 2427 80
2057 2281 1074
2251 2302 3925
2070 2424 7813
2448 2454 8835
2376 2497 7566
2000 2077 4558
2034 2243 5399
2070 2419 1724
2066 2487 2731
2152 2386 1849
2030 2430 1753
2333 2374 3204
2024 2226 5450
2061 2439 8946
2076 2104 8502
2193 2196 8665
2413 2476 8261
2172 2418 4979
2382 2405 9533
2009 2248 7797
2264 2396 5318
2103 2309 890
2111 2115 5475
2014 2188 3554
2403 2424 9319
2356 2429 5833
2315 2404 3415
2165 2438 982
2031 2387 8738
2101 2496 853
2333 2347 1210
2045 2494 381
2146 2295 6784
2016 2349 129
2063 2346 5883
2390 2493 5558
2308 2452 2173
2350 2456 4453
2205 2346 2148
2314 2346 5734
2022 2454 5241
2117 2327 8950
2075 2302 1280
2036 2197 5886
2380 2396 6294
2064 2464 2035
2007 2407 1931
2335 2413 6431
2334 2349 8244
2170 2340 3547
2343 2422 8396
2054 2241 5469
2172 2399 7160
2155 2249 4691
2047 2318 861
2095 2241 132
2040 2307 1728
2295 2372 1897
2340 2375 1370
2403 2465 9868
2226 2247 8484
2118 2248 5416
2166 2270 9674
2103 2430 2738
2225 2351 362
2034 2212 9148
2009 2112 7738
2098 2125 9312
2004 2307 6265
2095 2445 6632
2112 2491 2712
2157 2491 9435
2103 2166 2178
2212 2396 3101
2126 2188 8802
2065 2126 1645
2168 2256 8706
2093 2263 4613
2008 2470 4665
2004 2485 5857
2126 2382 5917
2065 2375 1225
2039 2482 5104
2404 2477 5619
2439 2496 7637
2055 2062 8860
2099 2231 4746
2066 2488 4704
2075 2344 3641
2099 2161 59
2194 2316 223
2229 2285 6257
2377 2417 3227
2049 2171 5782
2241 2310 1658
2192 2348 3169
2345 2396 8360
2080 2286 4906
2036 2294 2316
2167 2331 6493
2028 2221 6377
2022 2182 7638
2058 2341 3535
2328 2433 1763
2129 2251 8899
2106 2474 8203
2116 2417 3712
2172 2412 3247
2257 2412 2234
2285 2348 8367
2203 2435 1975
2054 2294 5138
2425 2488 4127
2237 2413 1894
2307 2460 4408
2030 2031 2798
2109 2427 6251
2078 2343 8541
2242 2418 7551
2284 2480 5044
2097 2286 1846
2282 2398 4816
2104 2134 8358
2275 2425 5933
2254 2393 3023
2259 2351 1040
2035 2152 6784
2063 2265 3800
2020 2471 5590
2026 2453 8227
2099 2247 5568
2378 2471 4843
2286 2357 8216
2002 2218 5473
2035 2129 4391
2009 2258 7995
2050 2136 6316
2204 2289 125
2080 2143 4103
2318 2411 6438
2019 2432 10000
2080 2148 3880
2284 2427 1648
2314 2443 8103
2185 2441 8265
2086 2441 3356
2206 2459 2413
2034 2404 8765
2182 2462 4189
2060 2355 2656
2224 2273 3217
2278 2362 5537
2176 2248 8312
2060 2131 1364
2117 2426 1148
2348 2419 8602
2175 2462 7068
2086 2303 2653
2183 2483 2943
2040 2429 2615
2258 2358 3729
2013 2168 3171
2240 2393 7252
2164 2264 1385
2069 2302 8009
2450 2496 5499
2196 2380 9002
2227 2480 708
2271 2471 7916
2416 2473 7868
2004 2490 1753
2307 2394 5392
2132 2138 9891
2052 2082 9449
2384 2485 8050
2105 2342 4803
2150 2212 1489
2045 2371 8895
2138 2240 6007
2160 2308 4474
2084 2490 2158
2321 2362 4386
2009 2496 5794
2431 2487 8486
2024 2456 5608
2270 2344 8539
2103 2172 5658
2205 2304 8912
2210 2333 6363
2213 2469 6427
2123 2378 3171
2101 2373 3516
2063 2183 9161
2040 2270 9013
2003 2072 8020
2283 2360 4038
2163 2255 6644
2158 2387 4702
2222 2455 8331
2194 2363 8931
2417 2420 9223
2099 2462 5340
2353 2394 8033
2023 2060 5157
2001 2403 6589
2240 2360 6973
2267 2366 2878
2189 2489 2534
2172 2240 603
2236 2309 8769
2119 2268 9008
2278 2458 9271
2045 2101 7894
2471 2473 1858
2265 2450 9068
2367 2460 182
2169 2327 7310
2091 2240 7350
2071 2429 9465
2056 2428 7125
2144 2228 9810
2403 2480 6343
2296 2424 9198
2005 2416 1376
2034 2422 7230
2247 2300 2365
2148 2374 8910
2150 2461 8230
2046 2161 7394
2033 2431 5819
2101 2180 4187
2055 2208 6515
2122 2496 5728
2056 2281 5259
2186 2400 9930
2113 2136 7820
2350 2422 8133
2076 2371 4289
2009 2045 7401
2049 2283 4599
2031 2048 1849
2372 2438 4682
2257 2321 6064
2339 2494 3834
2158 2454 8104
2335 2445 3390
2339 2390 715
2285 2352 7822
2064 2425 7043
2017 2143 7100
2025 2027 4853
2021 2070 5178
2091 2103 3078
2122 2429 8603
2280 2301 900
2215 2324 714
2187 2487 7424
2005 2025 6350
2094 2339 3803
2212 2217 3555
2251 2378 2321
2152 2347 2820
2138 2468 3825
2090 2416 3235
2380 2424 4230
2051 2200 935
2109 2410 6656
2078 2356 5518
2316 2468 3489
2131 2444 999
2008 2344 9138
2097 2274 5077
2251 2487 136
2208 2278 8400
2167 2387 1388
2080 2228 4151
2164 2210 5705
2071 2298 8626
2229 2344 1749
2014 2064 8916
2130 2270 3379
2002 2404 3381
2042 2469 2328
2101 2296 1433
2132 2421 2465
2290 2422 6738
2234 2280 4357
2072 2411 4729
2217 2351 8929
2466 2490 8092
2005 2113 9555
2138 2387 4120
2350 2440 1104
2022 2341 7287
2150 2204 9316
2030 2127 8541
2065 2206 1508
2445 2492 9561
2233 2362 315
2100 2343 1591
2117 2414 6412
2010 2372 3709
2117 2293 2265
2192 2488 567
2011 2136 3978
2380 2432 9021
2212 2219 6235
2069 2183 3180
2211 2302 7978
2098 2478 2755
2142 2437 4721
2112 2467 5568
2203 2269 2949
2331 2339 4031
2229 2493 3212
2132 2354 9004
2093 2119 3774
2037 2270 9778
2054 2372 1965
2378 2478 122
2238 2392 5740
2275 2497 9012
2189 2356 6618
2135 2431 6579
2245 2360 7044
2232 2378 8616
2247 2285 9978
2424 2439 2029
2244 2310 3923
2371 2429 2836
2166 2456 2088
2225 2354 8159
2174 2427 2536
2211 2236 5379
2154 2296 9394
2106 2359 2450
2101 2342 3382
2018 2353 5930
2004 2193 5565
2028 2382 4503
2118 2243 2643
2094 2152 7387
2220 2361 6471
2232 2370 6727
2187 2473 4449
2430 2443 2685
2072 2257 3914
2014 2487 4278
2013 2065 8539
2339 2375 577
2183 2197 1618
2362 2489 7169
2027 2219 7056
2059 2403 8141
2016 2389 1063
2063 2353 7709
2266 2336 9795
2451 2463 6949
2081 2378 5055
2139 2349 9810
2345 2356 5099
2111 2345 6379
2004 2279 6391
2326 2439 6019
2154 2375 5405
2177 2440 2529
2071 2499 1828
2310 2484 7074
2426 2430 7383
2303 2442 7706
2129 2286 275
2115 2202 3401
2228 2310 6373
2290 2465 3319
2110 2326 519
2331 2337 8945
2104 2187 6131
2269 2407 7879
2361 2377 4502
2086 2437 2224
2196 2240 5798
2141 2335 3206
2070 2394 2956
2125 2274 5058
2435 2471 4096
2111 2454 6515
2193 2457 5549
2178 2485 7489
2336 2497 2583
2114 2199 8121
2131 2265 2186
2421 2489 7967
2200 2459 9788
2076 2189 6148
2112 2413 3066
2190 2219 9363
2075 2106 9451
2153 2298 8755
2301 2477 9360
2073 2428 1834
2134 2463 8312
2025 2165 4459
2015 2368 1718
2015 2497 4780
2367 2432 8909
2077 2154 8562
2301 2427 6714
2038 2463 4525
2161 2370 1009
2168 2273 609
2072 2391 6023
2070 2433 5566
2280 2373 4941
2147 2351 8119
2146 2377 7140
2025 2191 5659
2142 2389 9653
2107 2373 6717
2132 2442 2623
2132 2275 7385
2128 2370 9386
2044 2161 6508
2287 2368 1151
2015 2041 5141
2025 2100 7900
2102 2117 1136
2305 2490 6391
2088 2339 4503
2032 2239 4812
2078 2242 9090
2200 2440 5388
2149 2373 650
2192 2300 3672
2046 2315 3544
2343 2468 7827
2146 2355 7218
2279 2468 539
2186 2262 7083
2095 2265 7933
2214 2402 9391
2134 2369 4765
2252 2317 2053
2133 2414 6597
2131 2347 7843
2305 2438 3441
2370 2485 6959
2070 2125 4408
2061 2337 9848
2313 2329 9083
2038 2326 3372
2318 2343 1590
2036 2179 7206
2308 2455 2874
2060 2297 8698
2349 2409 6172
2040 2105 4531
2034 2355 7030
2396 2472 4876
2147 2265 8123
2289 2491 4435
2172 2423 2393
2106 2457 5044
2407 2471 4938
2117 2459 4438
2155 2199 8049
2180 2187 3172
2142 2252 4458
2302 2322 2928
2011 2230 4780
2022 2115 5822
2169 2359 8262
2224 2317 6114
2248 2257 4111
2092 2243 1006
2127 2393 8700
2091 2459 3847
2027 2425 4046
2032 2496 1648
2081 2370 4216
2082 2444 5507
2107 2353 1853
2286 2429 7913
2278 2300 7338
2487 2488 7572
2242 2321 9723
2082 2271 1026
2235 2366 2133
2081 2270 1061
2187 2466 4225
2131 2224 3921
2218 2498 4901
2194 2306 7505
2365 2410 8976
2002 2460 2158
2261 2430 50
2336 2472 7700
2190 2494 4888
2457 2477 3084
2316 2495 6455
2024 2248 610
2007 2479 5449
2310 2445 3711
2007 2247 903
2342 2403 8976
2054 2144 8722
2024 2303 4975
2017 2287 19
2126 2382 8132
2103 2158 5140
2064 2349 9442
2061 2430 8996
2033 2052 1431
2212 2289 4086
2119 2193 4347
2022 2082 8334
2400 2473 9110
2243 2471 754
2112 2284 1025
2273 2416 6146
2262 2439 1292
2050 2215 5929
2239 2257 6119
2287 2324 2648
2056 2497 483
2383 2417 5887
2264 2362 6377
2070 2454 6293
2108 2306 2629
2145 2272 2367
2082 2319 9641
2047 2180 7917
2033 2034 2001
2077 2178 2730
2258 2451 6719
2253 2419 4437
2417 2476 6571
2053 2254 6997
2124 2461 9260
2401 2472 2245
2171 2379 2034
2026 2193 6706
2392 2461 6017
2022 2444 3257
2315 2444 4829
2151 2445 7726
2348 2419 5304
2275 2394 1124
2001 2032 9946
2136 2448 7355
2022 2455 1261
2150 2491 1311
2270 2287 5803
2321 2437 7294
2215 2447 1083
2404 2485 5555
2327 2348 250
2404 2430 3383
2178 2465 4442
2366 2455 1430
2181 2414 4694
2065 2389 7302
2234 2314 6385
2232 2275 7734
2011 2433 6519
2092 2310 2238
2051 2060 2669
2015 2451 1279
2095 2101 2375
2294 2367 8926
2140 2371 5057
2032 2390 8557
2034 2375 2857
2285 2460 1262
2236 2313 7042
2106 2497 7136
2223 2390 5687
2105 2387 5577
2132 2399 7510
2024 2306 8764
2073 2315 1556
2112 2371 5511
2072 2201 2474
2090 2110 2427
2300 2448 8598
2018 2368 3373
2132 2279 2554
2017 2372 4110
2126 2187 6336
2089 2434 379
2320 2479 966
2461 2482 5519
2110 2400 7056
2179 2381 3471
2008 2199 1944
2441 2452 8921
2127 2169 3917
2225 2404 5915
2460 2462 2690
2191 2382 377
2080 2437 6803
2019 2020 5372
2129 2202 7295
2046 2111 9146
2163 2291 7052
2280 2383 9959
2250 2485 7000
2101 2250 6973
2132 2355 2611
2129 2196 207
2074 2305 3829
2222 2373 5223
2232 2245 7503
2038 2400 779
2160 2216 7634
2217 2419 7573
2301 2355 1025
2202 2382 8986
2227 2254 4310
2117 2460 6661
2100 2199 5044
2295 2411 8847
2133 2421 7098
2042 2107 5708
2219 2442 3037
2375 2477 6274
2330 2436 8123
2134 2354 1094
2062 2404 7885
2259 2421 6036
2259 2369 3811
2191 2395 688
2154 2381 3652
2013 2398 8030
2038 2158 6674
2024 2227 441
2185 2393 3597
2050 2054 3050
2278 2292 3280
2036 2447 421
2170 2352 4595
2276 2448 9905
2202 2208 2490
2192 2436 2801
2142 2391 9199
2001 2297 3262
2211 2418 5917
2177 2415 2256
2387 2433 3673
2014 2462 8564
2016 2423 8421
2242 2371 4709
2062 2469 8546
2025 2108 5521
2094 2435 1852
2309 2483 5434
2113 2246 4315
2044 2196 1266
2025 2404 1531
2054 2353 5494
2026 2336 2652
2015 2184 1724
2061 2297 3311
2103 2294 106
2019 2234 792
2213 2358 9939
2272 2362 3522
2094 2253 1188
2249 2310 8754
2162 2459 3080
2003 2178 3435
2002 2118 9865
2249 2361 7555
2248 2476 4486
2066 2341 3005
2210 2426 207
2168 2376 1851
2086 2251 9303
2312 2333 3619
2118 2160 8809
2167 2291 7982
2100 2203 3042
2270 2470 9120
2219 2244 7506
2073 2335 2089
2363 2456 2149
2157 2321 9524
2135 2317 8932
2378 2441 2457
2379 2429 6575
2051 2417 7090
2107 2251 5401
2132 2181 1113
2302 2469 2484
2018 2162 2234
2365 2380 6437
2296 2441 9005
2057 2147 3615
2462 2469 5309
2056 2413 4581
2266 2417 644
2022 2465 5530
2077 2362 26
2339 2372 2921
2028 2211 830
2299 2400 3705
2121 2271 6501
2056 2466 4919
2081 2405 3198
2208 2491 3208
2086 2256 9018
2236 2392 9717
2157 2226 5589
2015 2409 8211
2038 2231 4834
2023 2227 2961
2100 2486 9074
2109 2304 2379
2048 2133 6250
2052 2081 194
2115 2294 2149
2068 2492 71
2333 2441 3285
2298 2312 1036
2302 2428 1189
2157 2283 5886
2233 2292 1095
2242 2416 8410
2358 2383 2697
2369 2373 1975
2327 2473 387
2114 2301 2023
2050 2352 8141
2261 2363 4425
2043 2158 9518
2079 2197 1753
2393 2439 8891
2054 2224 3477
2287 2367 8623
2158 2279 8572
2389 2409 3854
2440 2451 6154
2123 2240 4377
2157 2347 7106
2354 2414 736
2312 2444 5150
2359 2442 4095
2164 2332 4500
2442 2464 5538
2186 2269 2065
2062 2369 3807
2331 2423 153
2068 2338 2793
2439 2481 5596
2031 2466 5516
2139 2347 7040
2054 2267 1703
2147 2278 2535
2043 2232 5236
2206 2304 85
2012 2466 6253
2244 2300 8988
2135 2277 2225
2168 2376 6747
2046 2215 6260
2269 2498 9250
2399 2437 1241
2151 2238 1800
2083 2312 6477
2005 2186 3832
2324 2447 6578
2164 2204 128
2112 2384 6719
2380 2451 6732
2021 2148 5749
2424 2461 7442
2132 2301 9520
2234 2482 3406
2053 2492 3588
2115 2408 4507
2207 2368 6656
2135 2446 2443
2154 2380 5867
2241 2497 2531
2322 2453 3094
2184 2261 4665
2292 2312 7341
2155 2348 2604
2105 2334 8722
2222 2476 1891
2022 2073 3718
2018 2266 5331
2109 2264 8055
2230 2414 2082
2154 2366 8722
2082 2194 943
2085 2149 4463
2222 2459 6723
2255 2375 6102
2139 2346 8508
2281 2457 4463
2081 2499 6760
2020 2104 1587
2169 2332 9927
2226 2386 7165
2132 2389 534
2006 2357 9872
2137 2301 6954
2277 2478 3088
2057 2463 323
2371 2389 1436
2012 2294 2693
2095 2440 9365
2211 2435 6427
2077 2322 110
2137 2331 6001
2219 2328 9627
2281 2338 7209
2028 2164 6278
2307 2427 5105
2197 2357 9270
2161 2227 9993
2044 2284 980
2164 2471 6153
2019 2065 6127
2200 2296 6850
2117 2132 420
2364 2399 4230
2012 2119 9386
2041 2056 8225
2105 2188 9700
2022 2146 8073
2121 2460 2007
2111 2466 1143
2301 2366 7217
2138 2386 9261
2030 2468 6072
2004 2183 2969
2060 2290 4112
2010 2459 8907
2122 2382 5887
2447 2485 6964
2449 2465 8770
2142 2290 3694
2426 2499 5865
2102 2416 8924
2389 2443 5006
2292 2469 4048
2008 2453 2456
2060 2280 8598
2045 2441 8582
2206 2373 2412
2055 2110 1090
2190 2216 2163
2146 2187 793
2158 2255 8088
2119 2468 903
2338 2419 8983
2429 2497 3221
2028 2366 7933
2356 2449 2683
2056 2221 4667
2156 2258 9762
2441 2443 8000
2117 2424 6671
2075 2250 5967
2099 2244 4111
2053 2236 9707
2228 2272 6517
2115 2483 4389
2235 2283 1752
2391 2442 2094
2264 2284 4067
2046 2067 12
2358 2432 3395
2342 2413 7288
2038 2256 1632
2168 2275 1708
2327 2479 2286
2180 2441 9234
2442 2479 5310
2092 2491 103
2290 2485 4771
2001 2487 8463
2155 2286 3071
2342 2398 7328
2160 2291 7261
2273 2489 4333
2074 2459 4869
2462 2491 7599
2258 2280 6264
2103 2272 124
2377 2411 9271
2030 2126 8134
2034 2392 7356
2421 2491 262
2177 2498 7960
2147 2491 456
2173 2269 818
2140 2262 4089
2181 2485 6740
2312 2360 6861
2436 2450 8314
2072 2095 1791
2279 2388 854
2174 2295 4764
2139 2383 9530
2103 2427 9048
2317 2448 5126
2321 2328 501
2077 2303 2290
2062 2290 2701
2173 2483 2634
2109 2444 4623
2006 2027 1365
2206 2398 5130
2352 2363 49
2480 2485 5283
2219 2349 6444
2210 2395 6857
2043 2070 1519
2271 2394 1345
2042 2467 7284
2013 2252 5019
2159 2365 1045
2165 2331 3877
2212 2285 4895
2016 2448 1885
2403 2409 5815
2152 2363 1118
2008 2260 5972
2025 2353 6067
2267 2475 5618
2097 2337 3005
2231 2370 9712
2078 2125 6753
2297 2460 38
2096 2388 8359
2163 2273 9224
2107 2351 5430
2040 2298 9553
2224 2427 1727
2436 2492 3712
2275 2373 7997
2284 2299 261
2176 2183 4351
2256 2332 7874
2153 2456 1561
2256 2257 4328
2116 2158 2178
2148 2225 4240
2435 2493 3365
2322 2484 1808
2091 2452 6777
2402 2416 5697
2370 2417 4238
2053 2178 6622
2047 2325 7624
2395 2403 5052
2031 2269 7594
2286 2351 2418
2322 2443 6091
2368 2435 1545
2193 2244 1277
2169 2302 7042
2444 2483 4955
2354 2364 7743
2198 2271 4913
2079 2417 8155
2249 2460 1618
2235 2433 8084
2257 2400 9572
2108 2144 7642
2242 2434 1383
2319 2336 6762
2230 2303 9465
2247 2465 8961
2000 2173 9069
2250 2358 5525
2051 2430 5321
2157 2488 9186
2400 2404 2324
2194 2235 8138
2074 2278 3796
2011 2442 3658
2461 2495 798
2024 2162 7317
2317 2448 1488
2029 2304 217
2260 2351 6
2282 2452 6178
2029 2176 8721
2341 2428 3774
2408 2462 4186
2101 2195 3368
2029 2448 3541
2039 2321 5205
2345 2481 1891
2333 2356 4946
2286 2445 9015
2220 2447 1115
2322 2391 2095
2297 2437 9087
2014 2141 9838
2211 2244 5858
2039 2141 7997
2013 2482 7520
2032 2290 9956
2287 2425 9351
2165 2344 6344
2463 2475 8652
2156 2297 3682
2065 2212 4214
2038 2432 3603
2072 2078 7264
2102 2293 6244
2039 2152 2582
2024 2175 9624
2007 2269 3058
2109 2149 7033
2198 2264 8358
2028 2206 410
2034 2498 9850
2061 2063 2543
2368 2443 1101
2229 2391 7935
2126 2402 2822
2114 2291 7561
2000 2012 5704
2333 2354 4017
2200 2423 1036
2027 2255 8667
2202 2305 6885
2107 2114 4592
2024 2432 9718
2376 2435 8305
2138 2213 9216
2107 2119 6981
2247 2425 8723
2063 2257 9309
2084 2098 9596
2001 2211 102
2264 2462 3983
2258 2460 9584
2111 2363 4562
2008 2058 6559
2019 2351 9055
2097 2365 4047
2305 2386 4960
2108 2198 4054
2024 2315 1897
2353 2486 8617
2095 2339 6094
2087 2210 9208
2181 2404 7089
2038 2352 3199
2417 2443 6305
2403 2454 7254
2250 2296 9222
2096 2265 4760
2059 2095 1270
2218 2444 5387
2034 2410 5747
2048 2429 6802
2004 2437 9813
2414 2417 983
2395 2459 1172
2016 2348 4268
2246 2416 9754
2289 2422 2145
2240 2346 965
2102 2288 69
2326 2493 3178
2047 2078 9474
2329 2332 1091
2174 2492 683
2394 2434 4868
2111 2184 107
2408 2453 5343
2216 2483 677
2266 2471 8895
2140 2154 4271
2442 2443 3580
2362 2415 3803
2172 2311 65
2002 2135 630
2210 2388 9068
2160 2444 9822
2068 2499 3800
2011 2025 4614
2313 2472 2936
2262 2351 7057
2069 2293 7412
2211 2329 624
2195 2246 489
2430 2484 4173
2067 2134 8993
2063 2447 6780
2344 2425 4995
2014 2133 1775
2024 2352 3485
2121 2369 3060
2087 2291 5521
2223 2248 6903
2111 2291 9566
2055 2491 8304
2197 2370 4395
2129 2362 9053
2314 2358 7420
2053 2336 3272
2248 2380 3997
2006 2228 6004
2168 2225 5612
2155 2474 5795
2128 2218 5339
2026 2431 1140
2341 2440 9607
2439 2492 6487
2060 2180 6109
2323 2392 7117
2125 2416 9307
2371 2457 2161
2174 2321 8518
2037 2204 5512
2015 2352 288
2162 2220 5078
2231 2379 3005
2341 2370 7149
2062 2370 8212
2004 2406 1769
2053 2352 943
2113 2299 4540
2184 2378 8426
2021 2140 8890
2041 2332 9610
2127 2349 848
2041 2396 6440
2075 2135 601
2299 2432 534
2004 2389 8545
2062 2386 5018
2077 2393 5909
2302 2379 2548
2101 2445 8930
2003 2411 6129
2051 2192 175
2076 2218 9154
2050 2362 2317
2198 2456 3297
2047 2342 4095
2131 2475 6872
2013 2382 5586
2086 2171 5335
2385 2429 5627
2269 2462 429
2067 2113 3198
2097 2438 8377
2081 2378 3481
2392 2462 1984
2218 2441 8630
2186 2456 333
2057 2201 3435
2059 2499 967
2271 2328 3162
2234 2483 1141
2317 2486 7152
2078 2252 6928
2321 2400 7756
2178 2429 53
2279 2291 1221
2207 2386 8994
2078 2386 6593
2021 2247 4087
2122 2178 5151
2172 2403 4612
2257 2377 2925
2380 2450 6415
2222 2238 5119
2012 2499 8996
2116 2225 9939
2227 2342 9710
2283 2348 8193
2312 2420 2640
2302 2304 4425
2370 2390 7694
2070 2321 1339
2312 2448 6087
2201 2235 6725
2102 2283 4574
2163 2425 6859
2205 2371 7022
2071 2281 9841
2255 2435 3527
2070 2071 1137
2097 2401 745
2082 2273 7675
2104 2250 8268
2097 2359 9746
2251 2372 2738
2019 2250 3500
2219 2339 3618
2198 2497 2844
2377 2457 7365
2064 2309 4118
2312 2485 5838
2039 2247 5861
2052 2156 1122
2014 2217 3805
2337 2405 6375
2052 2053 1758
2422 2425 2785
2194 2372 9800
2173 2224 6251
2012 2072 6131
2144 2408 3561
2036 2073 2766
2093 2367 4356
2061 2424 8204
2277 2397 8397
2121 2346 5788
2041 2125 4062
2052 2106 3932
2341 2492 9644
2240 2293 8029
2179 2262 3263
2232 2458 8555
2071 2260 1257
2171 2233 1578
2292 2367 2744
2015 2053 7709
2102 2308 7632
2210 2403 6062
2402 2495 4895
2213 2342 9164
2441 2459 8448
2200 2371 6449
2409 2432 4398
2096 2304 4179
2363 2461 4337
2039 2136 3560
2272 2354 1490
2014 2480 9393
2157 2473 467
2029 2099 8167
2390 2392 9550
2160 2436 6092
2351 2495 3780
2073 2290 9146
2055 2292 8245
2129 2188 8368
2289 2428 2136
2243 2373 1025
2046 2269 9433
2245 2447 6989
2140 2452 9861
2081 2391 145
2091 2281 1475
2323 2479 3419
2114 2314 8073
2048 2332 7696
2237 2474 1698
2162 2336 602
2067 2441 7596
2076 2096 3395
2129 2315 5472
2015 2488 6740
2264 2428 1225
2067 2271 2338
2391 2454 5974
2341 2426 8555
2055 2143 8657
2239 2413 3253
2395 2420 7035
2020 2498 2916
2033 2385 6225
2050 2443 3836
2035 2306 7948
2026 2078 2290
2387 2454 7634
2268 2402 414
2018 2235 6517
2335 2466 6677
2007 2105 9944
2238 2490 8932
2073 2225 5104
2093 2221 6561
2048 2483 6659
2124 2302 865
2194 2387 1619
2054 2425 8015
2162 2274 3867
2073 2133 1009
2111 2142 6013
2077 2083 1108
2044 2471 6380
2141 2278 4807
2029 2116 8697
2075 2360 6493
2070 2106 1996
2006 2025 651
2225 2382 8861
2329 2453 4651
2043 2079 7995
2252 2316 629
2269 2354 2576
2182 2256 249
2323 2432 4952
2218 2494 4558
2149 2447 4256
2079 2139 1326
2035 2324 5364
2187 2374 3053
2177 2462 7594
2009 2331 1446
2246 2434 6570
2301 2486 8542
2268 2279 3520
2073 2430 9368
2405 2441 1808
2266 2415 755
2054 2074 4135
2240 2259 7003
2219 2262 2750
2008 2381 7416
2197 2213 5993
2062 2498 8615
2194 2228 6212
2248 2315 8098
2133 2270 5633
2404 2446 3906
2081 2087 1265
2237 2328 5870
2112 2429 4255
2125 2252 5999
2280 2322 6169
2238 2299 5231
2097 2196 7157
2206 2391 4237
2204 2374 9372
2167 2455 2326
2181 2316 2955
2148 2462 8768
2376 2458 9780
2118 2436 6155
2134 2385 8331
2072 2160 3671
2039 2361 6390
2220 2337 866
2137 2155 7456
2206 2266 1354
2137 2392 9036
2129 2369 8411
2212 2385 2903
2115 2466 9272
2075 2178 8174
2201 2337 6454
2089 2251 2636
2041 2390 5847
2172 2206 2028
2019 2491 3382
2193 2318 1318
2053 2379 2303
2088 2285 7397
2278 2365 455
2268 2310 7461
2407 2410 5935
2256 2420 5570
2132 2227 6528
2150 2204 7204
2137 2244 7182
2024 2067 9526
2066 2383 4698
2019 2092 5148
2001 2194 583
2106 2299 1953
2300 2337 8531
2117 2276 8801
2115 2437 78
2129 2468 8172
2034 2348 4272
2052 2477 3996
2027 2090 4913
2079 2214 788
2081 2255 174
2076 2248 5140
2015 2048 3717
2117 2432 2721
2030 2202 7336
2122 2349 7098
2132 2161 5816
2042 2393 2380
2337 2457 1943
2085 2155 8412
2181 2312 9051
2182 2223 4886
2043 2089 3076
2181 2374 4462
2265 2282 22
2268 2270 7579
2157 2230 5882
2250 2422 423
2013 2347 8222
2138 2401 1952
2135 2410 5809
2014 2491 103
2228 2417 4647
2112 2352 8531
2130 2436 7869
2215 2320 5024
2249 2422 5015
2117 2442 9064
2413 2468 2086
2073 2239 3273
2256 2456 8701
2085 2092 373
2053 2354 3023
2216 2230 109
2387 2400 6134
2283 2418 4433
2024 2304 5286
2151 2258 4699
2053 2073 2879
2051 2412 2427
2180 2297 5341
2104 2355 7224
2217 2376 352
2212 2309 3916
2416 2437 6104
2318 2348 7394
2023 2270 7728
2095 2439 3007
2445 2482 6481
2086 2267 856
2128 2476 322
2014 2403 7842
2054 2422 4315
2474 2476 6416
2021 2271 2692
2094 2453 6189
2121 2286 1199
2353 2382 7861
2141 2310 7462
2070 2337 945
2168 2381 6820
2097 2266 4577
2101 2439 5083
2308 2479 309
2092 2378 851
2141 2397 9426
2008 2352 5042
2202 2272 8639
2200 2473 5540
2223 2342 4667
2312 2389 9741
2130 2158 6089
2237 2441 4356
2176 2348 2580
2159 2419 1583
2071 2209 5957
2298 2332 7995
2133 2446 6833
2202 2452 4724
2270 2431 5278
2310 2383 3212
2276 2315 7357
2070 2382 444
2212 2250 6187
2306 2341 1256
2213 2377 8425
2050 2423 5396
2103 2193 9385
2205 2350 963
2068 2261 6131
2342 2359 8891
2276 2436 7057
2135 2387 449
2120 2299 9908
2020 2403 5283
2200 2385 8021
2093 2275 6361
2044 2445 3673
2174 2422 289
2081 2217 6412
2187 2312 449
2326 2364 3695
2253 2313 9154
2387 2479 8655
2349 2434 1975
2094 2345 2210
2105 2166 475
2088 2363 7779
2119 2190 8116
2453 2485 3368
2227 2271 370
2205 2452 1650
2264 2314 6167
2180 2256 1143
2262 2328 5906
2204 2490 8805
2002 2443 6909
2229 2252 9770
2471 2494 5279
2247 2417 5459
2007 2373 2674
2406 2480 3292
2417 2421 7971
2072 2496 9713
2092 2485 7995
2099 2357 2680
2014 2313 435
2170 2454 3653
2214 2226 6497
2087 2399 8737
2005 2466 8451
2040 2245 1319
2018 2266 6785
2280 2361 4555
2157 2310 6329
2136 2228 9499
2251 2379 2719
2151 2429 8474
2304 2440 7865
2075 2256 1094
2079 2389 2032
2010 2011 8255
2043 2413 8059
2018 2253 7354
2090 2118 2159
2064 2249 7763
2122 2237 1335
2271 2437 8987
2236 2448 7633
2132 2447 9062
2321 2322 7899
2015 2361 4462
2422 2480 2015
2061 2419 4064
2248 2277 604
2025 2104 5642
2359 2486 8728
2201 2410 6892
2132 2227 6702
2218 2421 5021
2004 2108 5044
2009 2447 2725
2123 2488 3936
2203 2471 1207
2348 2454 6802
2054 2205 2283
2070 2447 256
2038 2260 7473
2121 2350 4877
2338 2372 8398
2014 2089 2592
2306 2449 7752
2420 2482 3787
2048 2418 1108
2432 2476 7939
2124 2349 6603
2230 2301 5973
2026 2381 6706
2337 2491 7593
2311 2412 4463
2094 2134 822
2312 2326 2664
2152 2347 6658
2050 2399 8318
2153 2262 330
2032 2344 2386
2135 2409 6156
2045 2174 5261
2296 2354 6268
2016 2072 6098
2133 2371 6128
2005 2133 566
2481 2485 1259
2412 2451 2784
2152 2249 2252
2078 2440 6401
2142 2484 1913
2184 2217 3535
2078 2391 9073
2249 2263 2039
2073 2245 6889
2091 2094 4414
2311 2413 126
2017 2342 1213
2151 2435 1165
2160 2461 9264
2325 2350 9787
2261 2271 8952
2185 2475 5322
2133 2213 5148
2085 2295 695
2008 2234 3117
2296 2426 1864
2054 2157 2691
2328 2412 8859
2212 2231 1112
2055 2317 9560
2291 2479 3772
2085 2326 4098
2125 2372 7785
2036 2227 3609
2255 2269 1684
2115 2194 3
2120 2171 2702
2052 2053 6162
2384 2439 5743
2056 2261 3462
2142 2482 3454
2306 2463 4424
2098 2474 6595
2187 2241 8866
2392 2414 2620
2325 2348 5650
2115 2490 2361
2174 2422 326
2025 2057 7588
2330 2472 4529
2164 2367 8479
2067 2077 1253
2275 2360 5240
2056 2419 2255
2001 2362 8772
2095 2490 9956
2101 2205 2566
2230 2466 1277
2250 2360 203
2087 2118 4496
2045 2476 900
2092 2244 3152
2223 2404 8175
2271 2374 5152
2275 2485 91
2020 2128 856
2084 2404 7694
2390 2416 9695
2014 2309 2983
2291 2493 9529
2079 2138 779
2137 2268 5720
2106 2333 8818
2162 2434 7435
2343 2351 6757
2163 2445 5153
2072 2081 714
2265 2467 5875
2160 2206 5910
2230 2286 6278
2455 2473 9889
2210 2411 1024
2059 2249 295
2095 2160 4316
2224 2346 1224
2020 2486 9884
2059 2242 8374
2088 2113 8098
2038 2339 8748
2069 2207 1449
2098 2262 4782
2032 2054 4755
2423 2489 6397
2126 2377 9159
2102 2291 8380
2303 2311 5577
2445 2487 4321
2161 2171 5956
2082 2433 9212
2146 2480 8138
2112 2275 8168
2218 2445 5586
2119 2440 8531
2095 2215 2389
2285 2438 6333
2272 2423 2904
2038 2479 6072
2158 2306 6204
2389 2431 5408
2006 2379 1753
2043 2070 2931
2002 2118 4885
2047 2278 2240
2188 2416 9627
2233 2491 9195
2179 2422 9667
2126 2423 871
2275 2454 7209
2017 2241 4362
2111 2378 807
2006 2477 8933
2051 2453 9431
2157 2227 6577
2047 2233 9886
2133 2139 7946
2100 2480 4329
2173 2266 7220
2451 2497 7564
2020 2383 9220
2191 2271 947
2250 2340 9732
2196 2259 6736
2210 2324 3685
2079 2361 3998
2419 2456 2079
2022 2487 1329
2027 2180 7981
2405 2432 3566
2270 2371 5077
2189 2427 158
2069 2289 9913
2036 2382 6514
2193 2217 2130
2245 2412 5455
2203 2227 7541
2195 2475 1572
2001 2494 2311
2057 2302 3025
2089 2293 1023
2336 2478 7425
2129 2186 9296
2181 2280 9946
2008 2488 9565
2152 2198 8615
2140 2364 3279
2046 2440 7771
2138 2288 8703
2037 2159 5917
2086 2428 2598
2011 2015 8713
2118 2411 3951
2151 2318 6887
2143 2493 9520
2237 2277 3828
2006 2305 5020
2172 2392 9277
2256 2430 6745
2304 2468 1170
2139 2460 2621
2343 2397 5734
2155 2311 9824
2362 2368 3494
2107 2288 7045
2066 2083 8274
2072 2088 8783
2105 2480 2780
2152 2408 8928
2277 2462 3543
2208 2279 8200
2279 2297 5198
2111 2149 9200
2040 2126 5810
2416 2491 6620
2423 2498 7534
2390 2437 1178
2192 2201 8800
2332 2342 1512
2307 2313 318
2141 2270 1442
2181 2401 8000
2151 2153 1984
2045 2327 5051
2210 2476 8345
2085 2370 6609
2185 2331 4664
2026 2136 6557
2144 2351 7740
2276 2462 5813
2147 2227 7317
2143 2408 1
2034 2182 713
2258 2378 6569
2091 2253 7180
2240 2294 7616
2179 2359 3275
2087 2139 6406
2103 2333 7865
2068 2214 4582
2379 2493 2366
2143 2414 597
2046 2094 329
2106 2233 1745
2017 2398 4568
2358 2452 2983
2090 2472 4532
2174 2199 7172
2189 2199 2558
2115 2386 3065
2312 2362 8295
2295 2465 5107
2090 2490 3752
2020 2073 9425
2263 2349 3626
2005 2389 3665
2119 2441 5584
2080 2081 5046
2220 2493 7587
2241 2388 8133
2468 2472 4917
2146 2423 3644
2446 2464 8780
2108 2457 3935
2118 2402 4940
2046 2317 2482
2172 2406 3148
2018 2401 4933
2280 2312 1896
2208 2447 6933
2009 2264 348
2010 2063 7468
2110 2415 7751
2098 2217 8937
2060 2488 3427
2001 2095 3439
2242 2309 3500
2307 2416 8292
2011 2253 6230
2069 2242 3602
2276 2464 3674
2051 2382 4672
2204 2461 1513
2157 2299 3014
2071 2282 2168
2046 2129 9006
2064 2198 1189
2094 2104 6634
2236 2451 8125
2129 2291 8708
2353 2384 5934
2197 2323 8948
2255 2283 922
2080 2277 3847
2020 2027 1159
2138 2393 3119
2305 2393 155
2005 2326 992
2006 2484 2932
2246 2455 6476
2216 2378 3347
2124 2304 8027
2085 2176 7919
2135 2410 8650
2234 2258 888
2196 2197 9913
2085 2297 8009
2357 2471 6993
2062 2449 5573
2170 2216 495
2104 2157 6574
2093 2290 8649
2001 2240 1005
2003 2286 6472
2141 2207 1607
2084 2183 4429
2009 2124 553
2053 2130 8057
2240 2248 1145
2105 2279 1202
2192 2442 5293
2074 2258 1313
2101 2143 5110
2088 2104 3668
2064 2365 133
2373 2457 1450
2146 2278 9933
2071 2302 1427
2361 2372 9405
2135 2193 8314
2110 2485 9501
2384 2479 2736
2218 2232 664
2135 2367 3536
2416 2443 4151
2168 2468 3418
2160 2338 5651
2053 2132 9452
2354 2368 6245
2020 2136 7086
2120 2138 6026
2048 2452 685
2077 2221 6920
2270 2386 8981
2313 2316 9891
2136 2454 559
2075 2122 7916
2368 2497 5634
2126 2273 8483
2021 2472 2450
2044 2235 5008
2282 2327 6565
2436 2497 5841
2000 2473 4167
2412 2486 6934
2110 2179 1384
2179 2372 4100
2223 2458 2354
2216 2248 5747
2262 2279 8320
2365 2486 8550
2090 2130 802
2354 2413 3490
2177 2375 8398
2354 2434 8401
2022 2456 5939
2380 2442 578
2185 2341 319
2092 2230 7730
2348 2388 2666
2051 2129 1756
2137 2345 5459
2025 2085 3267
2111 2232 3378
2300 2319 4098
2076 2087 9994
2404 2493 720
2205 2244 3728
2345 2479 8962
2113 2473 4880
2060 2210 9988
2350 2485 1678
2050 2245 253
2147 2282 2333
2171 2316 9473
2011 2178 6042
2284 2473 8986
2090 2403 3194
2099 2137 1313
2414 2431 3300
2178 2446 611
2273 2306 243
2219 2413 4102
2129 2438 6305
2355 2378 7576
2303 2350 9253
2357 2458 4602
2146 2354 2143
2379 2493 8905
2252 2284 8917
2389 2406 3061
2188 2277 5403
2194 2394 8760
2046 2435 4548
2108 2332 2758
2069 2428 7095
2149 2334 6749
2021 2164 4979
2131 2406 69
2238 2291 9278
2407 2434 303
2032 2174 3018
2004 2339 1869
2082 2226 7946
2116 2193 3825
2200 2377 7862
2077 2434 9635
2164 2380 8875
2033 2310 2626
2113 2437 2019
2150 2451 4537
2060 2119 3974
2182 2215 4343
2086 2132 9395
2470 2472 1311
2240 2408 1227
2024 2458 8408
2010 2107 8570
2162 2452 64
2357 2454 5104
2022 2422 2250
2113 2428 8231
2037 2415 2587
2353 2459 4697
2254 2443 4877
2251 2478 2436
2066 2480 9762
2105 2277 8407
2041 2108 463
2117 2156 6774
2011 2191 6917
2025 2384 8800
2160 2395 222
2264 2337 6433
2255 2402 8638
2094 2192 5864
2279 2379 3356
2234 2432 3448
2035 2444 6932
2014 2203 9826
2128 2138 4824
2113 2425 9418
2491 2492 8971
2142 2232 4843
2109 2396 3381
2264 2390 9987
2031 2067 896
2042 2189 1376
2134 2411 4656
2466 2467 7722
2176 2205 492
2257 2406 8777
2167 2415 6180
2401 2493 9688
2269 2462 159
2277 2376 2886
2173 2421 6762
2124 2422 1604
2482 2497 6040
2176 2472 902
2036 2257 6181
2028 2222 2277
2218 2459 5183
2008 2158 9393
2285 2452 6010
2122 2180 5332
2305 2309 4905
2274 2478 465
2075 2365 9429
2241 2448 2314
2075 2214 9057
2166 2452 2475
2305 2491 7204
2009 2054 1617
2020 2334 8830
2265 2481 4608
2072 2213 7890
2190 2390 5344
2425 2451 3961
2250 2351 5593
2283 2372 3098
2151 2248 6382
2003 2246 4086
2163 2233 7862
2008 2336 6844
2190 2203 2800
2146 2147 1360
2175 2368 3217
2164 2404 6133
2083 2343 8269
2016 2101 1084
2442 2471 3188
2031 2417 5400
2236 2393 6000
2389 2431 3842
2146 2444 2769
2017 2046 3883
2021 2045 2760
2260 2384 4619
2044 2323 7686
2063 2470 5254
2325 2380 288
2024 2164 5334
2106 2113 5028
2101 2159 7094
2145 2268 3569
2070 2214 4068
2073 2231 3272
2055 2410 2659
2166 2341 9639
2132 2471 5111
2126 2398 4394
2362 2365 3662
2031 2292 4113
2346 2381 862
2060 2152 9741
2342 2466 7161
2080 2236 5712
2116 2279 661
2155 2286 3884
2023 2241 6861
2323 2456 7191
2001 2258 5242
2365 2397 7325
2308 2335 2296
2119 2308 2544
2024 2400 6898
2131 2235 2668
2128 2433 6898
2043 2351 4215
2129 2338 5021
2102 2354 2936
2063 2426 4737
2126 2156 2878
2034 2448 1833
2142 2452 2064
2252 2320 9123
2094 2160 1116
2175 2336 3622
2102 2423 3351
2058 2239 7841
2135 2291 8231
2196 2294 945
2008 2048 2273
2281 2311 4403
2083 2263 7016
2328 2358 4039
2101 2311 6845
2161 2475 1201
2154 2466 4627
2148 2344 8178
2288 2466 3518
2013 2340 3713
2269 2370 3187
2097 2345 8026
2045 2328 2383
2131 2191 1854
2142 2198 8909
2043 2174 3271
2444 2495 6078
2261 2428 75
2361 2412 328
2233 2325 7411
2121 2173 650
2054 2082 9115
2112 2383 2629
2374 2469 6687
2222 2291 7483
2066 2142 662
2230 2388 990
2054 2271 7511
2205 2418 4535
2020 2145 3940
2119 2406 7633
2084 2215 7941
2067 2344 3515
2377 2403 8689
2272 2376 743
2403 2423 1001
2416 2467 1671
2058 2206 9437
2082 2104 53
2329 2477 8393
2135 2368 2554
2312 2494 6091
2466 2469 574
2335 2440 7572
2040 2142 2404
2022 2360 9094
2102 2192 6552
2230 2329 5713
2275 2313 9968
2346 2383 9855
2169 2490 8287
2100 2461 5145
2063 2352 521
2028 2105 9375
2272 2489 7796
2248 2450 7311
2344 2378 3235
2061 2145 6958
2065 2375 9452
2254 2333 1613
2326 2437 751
2051 2136 2297
2380 2418 111
2180 2249 3239
2087 2177 1590
2098 2121 8788
2025 2275 5847
2302 2328 7292
2246 2417 3095
2359 2366 305
2115 2259 4365
2443 2480 9741
2025 2362 6658
2155 2344 3815
2153 2227 7410
2277 2409 6163
2388 2486 7599
2239 2254 2321
2147 2293 373
2095 2239 8325
2372 2483 385
2207 2488 8477
2131 2419 7529
2027 2078 2637
2223 2307 135
2006 2122 9814
2445 2446 8503
2093 2187 8329
2396 2426 3956
2029 2361 7552
2175 2338 8984
2072 2255 9169
2005 2264 709
2071 2490 4987
2155 2188 9005
2195 2239 3311
2084 2358 1942
2387 2494 1618
2129 2343 8943
2024 2059 7958
2008 2067 9001
2324 2334 3210
2416 2485 442
2192 2393 7395
2351 2497 8312
2083 2193 6175
2029 2374 3190
2073 2499 1458
2021 2436 5857
2240 2483 6982
2142 2168 2823
2431 2495 6633
2452 2485 2502
2042 2417 575
2070 2470 2684
2127 2279 2281
2258 2313 7129
2225 2351 2855
2002 2486 9134
2025 2028 2960
2207 2278 6237
2297 2493 1908
2199 2264 6111
2106 2368 7319
2094 2203 3650
2136 2150 7831
2037 2160 8864
2243 2306 9061
2094 2313 5100
2159 2276 4860
2185 2278 2625
2195 2399 3763
2219 2464 3158
2044 2130 4686
2123 2256 9407
2098 2357 1529
2241 2356 5371
2134 2355 1337
2231 2416 3863
2179 2279 5620
2149 2279 5909
2232 2278 58
2259 2301 2241
2112 2344 68
2159 2468 2002
2004 2486 361
2094 2205 5446
2005 2088 4961
2004 2308 1294
2047 2191 301
2436 2437 1113
2089 2099 5537
2118 2193 9786
2115 2491 2048
2301 2486 6677
2136 2461 521
2035 2222 4558
2235 2421 4415
2338 2443 3178
2144 2463 6134
2053 2112 4551
2242 2398 9025
2244 2468 6594
2297 2496 1982
2148 2299 9771
2140 2271 2312
2218 2444 5803
2127 2331 5518
2346 2498 239
2114 2366 2228
2147 2243 2762
2003 2325 2021
2190 2303 6248
2067 2346 3721
2353 2480 8192
2232 2343 4058
2188 2407 6203
2229 2286 6106
2134 2477 6819
2219 2429 896
2138 2446 8597
2111 2498 4013
2034 2191 2971
2000 2435 6787
2165 2326 2540
2003 2349 3810
2111 2492 6770
2093 2111 6545
2270 2414 4653
2067 2095 1213
2305 2399 2772
2434 2469 108
2126 2328 4592
2315 2390 1465
2083 2123 708
2076 2273 4982
2074 2416 5197
2121 2487 5209
2040 2368 7859
2247 2453 4436
2026 2139 9882
2082 2085 290
2183 2301 451
2328 2331 8497
2011 2087 5058
2341 2454 7235
2004 2335 9562
2377 2483 4702
2394 2411 8915
2122 2452 3916
2109 2165 4155
2045 2406 9045
2015 2407 3420
2031 2205 2258
2297 2354 5318
2360 2471 5139
2031 2131 9681
2005 2476 1472
2395 2483 6881
2007 2179 1082
2162 2357 226
2154 2382 2168
2236 2245 8041
2276 2407 8490
2065 2129 3923
2047 2367 773
2067 2131 5003
2225 2488 2605
2226 2287 6737
2010 2165 17
2041 2122 6913
2321 2329 1910
2097 2391 8673
2182 2449 4484
2221 2316 202
2100 2438 9960
2420 2481 9195
2056 2431 2073
2186 2446 828
2019 2248 3686
2106 2157 7566
2377 2399 9511
2425 2445 2767
2361 2395 9957
2057 2385 3055
2150 2383 1243
2190 2334 3530
2052 2213 4860
2024 2317 6545
2431 2473 6382
2435 2444 6850
2090 2453 3108
2336 2356 1278
2187 2211 3030
2085 2326 3730
2443 2450 4333
2054 2255 1889
2219 2391 6720
2009 2173 642
2042 2058 8868
2109 2214 16
2192 2419 617
2063 2228 5138
2310 2462 4167
2175 2347 3826
2030 2377 6759
2038 2078 6477
2020 2400 9509
2318 2337 9929
2249 2451 1538
2073 2331 4919
2241 2258 1197
2036 2292 6031
2078 2398 6558
2320 2472 2129
2167 2172 5943
2041 2233 3891
2050 2430 5782
2055 2165 7548
2161 2404 2127
2021 2469 8520
2155 2407 654
2115 2422 4465
2201 2228 7308
2123 2459 6403
2305 2448 4272
2374 2430 3253
2097 2470 3273
2159 2306 5158
2381 2458 8815
2062 2346 7912
2100 2441 6164
2246 2461 9603
2100 2128 6106
2461 2472 5006
2150 2437 8287
2448 2460 9191
2166 2466 9626
2066 2279 454
2029 2307 134
2305 2388 778
2151 2339 9423
2074 2206 300
2035 2104 9370
2060 2321 6480
2074 2139 1258
2401 2454 3641
2302 2498 1341
2142 2335 8684
2058 2280 9256
2034 2209 6193
2306 2445 614
2050 2072 3415
2008 2116 4458
2146 2191 1103
2184 2410 7064
2067 2300 2674
2281 2472 9773
2084 2274 23
2067 2405 3144
2031 2195 1457
2322 2357 9160
2108 2279 1152
2055 2215 3223
2102 2345 2905
2064 2458 8748
2376 2453 1248
2333 2469 5322
2367 2420 5395
2097 2431 9925
2012 2461 7047
2277 2437 9370
2084 2263 3030
2307 2380 1615
2043 2051 838
2296 2450 3361
2020 2472 2537
2099 2394 1039
2096 2465 1027
2011 2074 2307
2262 2339 1373
2077 2192 1323
2033 2363 4383
2190 2313 670
2075 2460 6147
2179 2213 3755
2120 2240 9880
2178 2378 8697
2115 2293 5120
2085 2388 2087
2021 2394 5641
2313 2479 9382
2129 2335 939
2065 2315 9099
2270 2490 7533
2149 2435 100
2170 2393 6143
2028 2095 6445
2036 2421 4175
2237 2288 3362
2010 2372 6660
2069 2320 5283
2063 2272 132
2438 2492 2014
2133 2211 8672
2000 2274 4364
2298 2468 2009
2246 2407 3146
2261 2484 2153
2337 2401 2050
2090 2151 1631
2172 2413 930
2204 2280 6505
2309 2396 4510
2046 2381 2927
2469 2492 9794
2130 2253 2829
2397 2464 9963
2005 2407 9639
2316 2339 9924
2133 2483 7214
2082 2239 244
2141 2365 5718
2354 2465 4106
2154 2231 1595
2231 2417 5373
2106 2330 4027
2134 2304 2059
2038 2427 5446
2119 2322 8938
2265 2394 5106
2204 2469 5008
2023 2181 3653
2074 2428 3344
2237 2277 7709
2363 2409 9330
2057 2113 3649
2296 2305 3725
2181 2368 5327
2213 2345 4170
2384 2413 4336
2021 2294 7504
2214 2467 2895
2140 2147 3579
2246 2273 9719
2273 2327 4854
2271 2362 8286
2136 2178 4455
2041 2451 8507
2141 2367 2931
2113 2366 2180
2007 2398 4941
2319 2456 6149
2274 2303 879
2224 2292 8001
2089 2300 861
2052 2161 1844
2264 2493 3210
2001 2480 1610
2038 2236 7494
2216 2426 1465
2194 2195 1032
2412 2429 6493
2304 2337 3818
2145 2368 4020
2086 2178 6033
2255 2457 4400
2054 2486 1178
2073 2476 5876
2189 2262 3918
2097 2389 3202
2247 2336 8569
2126 2290 1751
2006 2023 1425
2092 2431 4080
2310 2405 41
2105 2413 4864
2049 2239 1400
2066 2197 9730
2050 2389 7004
2191 2265 433
2339 2418 9201
2193 2212 6112
2228 2416 3677
2035 2068 898
2398 2403 5012
2098 2332 3899
2170 2350 5253
2249 2497 7282
2102 2175 9324
2321 2345 8371
2040 2293 420
2046 2129 918
2210 2393 6545
2267 2335 9000
2178 2444 6843
2310 2488 8259
2276 2300 5451
2113 2332 499
2066 2237 896
2437 2491 2487
2193 2461 1232
2179 2338 9148
2108 2323 2373
2082 2365 1888
2358 2475 2019
2187 2215 8208
2230 2467 8585
2403 2437 3994
2338 2496 7564
2197 2332 9095
2172 2480 8257
2036 2121 4505
2376 2417 2308
2005 2356 6408
2066 2424 8167
2284 2344 2328
2079 2372 1183
2211 2402 4038
2232 2476 7440
2147 2465 1075
2103 2346 513
2136 2147 2883
2178 2412 8340
2073 2112 3124
2293 2455 6041
2041 2314 8700
2303 2334 8903
2024 2060 8251
2444 2491 5784
2087 2223 6411
2092 2304 637
2182 2212 9647
2133 2377 4963
2072 2102 5563
2204 2220 2896
2231 2494 696
2124 2167 7602
2125 2459 144
2080 2091 5524
2135 2311 8177
2017 2142 9183
2271 2371 2608
2166 2330 1310
2240 2450 5014
2012 2022 5672
2168 2176 9336
2005 2289 4452
2203 2333 4533
2127 2342 7049
2131 2271 512
2186 2368 9097
2145 2339 6472
2006 2113 7
2180 2224 8934
2341 2410 2167
2100 2143 8526
2220 2399 1986
2394 2426 9472
2020 2087 7173
2056 2452 8937
2282 2418 8581
2074 2403 4412
2082 2443 3925
2426 2445 7704
2256 2395 3971
2061 2344 251
2360 2493 8138
2050 2316 5518
2000 2315 9393
2135 2235 9928
2143 2427 10000
2178 2382 1860
2028 2414 5331
2309 2462 2061
2001 2320 9562
2154 2341 4270
2046 2220 7682
2093 2156 2048
2103 2144 8857
2160 2243 3383
2140 2301 1835
2065 2249 6778
2161 2497 4727
2181 2238 412
2260 2442 9958
2111 2187 2375
2292 2461 4053
2094 2157 8910
2374 2414 4784
2061 2492 366
2129 2451 6996
2158 2353 1766
2287 2408 3672
2038 2193 7024
2217 2254 9053
2006 2021 7851
2053 2226 9794
2332 2487 1436
2050 2264 96
2111 2294 3395
2042 2263 9798
2001 2006 616
2116 2362 8819
2113 2309 1522
2216 2278 2549
2096 2359 7728
2084 2431 3258
2054 2495 1623
2165 2230 7956
2322 2437 5766
2023 2125 5029
2405 2407 2931
2086 2400 8577
2002 2166 8643
2283 2306 912
2204 2486 5785
2123 2219 3363
2484 2494 7997
2148 2284 9895
2323 2433 3696
2079 2439 588
2219 2362 1728
2225 2289 149
2152 2433 6460
2078 2221 9497
2008 2491 2538
2161 2346 685
2311 2317 796
2390 2488 7023
2206 2434 3144
2061 2347 6419
2067 2110 147
2109 2421 1440
2021 2052 3607
2033 2381 1721
2018 2472 1934
2116 2485 6388
2088 2135 9778
2126 2231 7582
2090 2313 9390
2151 2334 9909
2146 2390 7888
2103 2230 6737
2133 2373 9680
2115 2425 6935
2314 2413 7139
2089 2150 1033
2064 2485 8297
2122 2491 214
2031 2376 6987
2113 2253 7059
2346 2477 4682
2102 2453 2695
2241 2288 3943
2182 2228 7284
2146 2190 9808
2017 2165 800
2145 2452 1754
2128 2339 6819
2000 2435 9920
2237 2293 7828
2232 2283 2129
2176 2418 2319
2095 2344 1072
2062 2411 1817
2012 2392 3252
2343 2496 2284
2309 2486 8520
2207 2456 6207
2237 2483 7895
2043 2223 6707
2131 2238 5448
2293 2355 3829
2234 2300 191
2280 2319 2910
2192 2442 1999
2309 2341 1732
2041 2066 1306
2009 2270 406
2089 2454 6438
2110 2327 2752
2119 2173 3608
2100 2303 4144
2238 2422 4318
2021 2394 5046
2219 2358 3418
2059 2475 6529
2088 2260 8185
2007 2016 1301
2140 2397 6177
2043 2437 6153
2154 2349 4571
2086 2108 3092
2059 2490 9970
2006 2319 1479
2277 2402 8677
2000 2221 1870
2250 2402 4635
2127 2426 5002
2224 2300 9008
2384 2469 9359
2086 2104 6653
2183 2382 7167
2018 2317 5408
2022 2278 10000
2060 2197 7976
2192 2356 3115
2205 2278 3763
2293 2360 5358
2228 2491 1020
2189 2283 8172
2167 2261 841
2007 2274 7684
2026 2073 8326
2263 2280 5977
2301 2337 7192
2183 2223 2048
2011 2453 4126
2423 2482 158
2088 2372 4615
2047 2313 454
2027 2281 2464
2008 2424 3399
2048 2463 9380
2241 2418 4871
2014 2475 6511
2164 2190 8940
2349 2458 1208
2036 2075 4147
2143 2170 7442
2006 2076 7648
2037 2450 2769
2032 2327 792
2017 2222 3218
2188 2360 1672
2035 2310 7296
2139 2212 516
2005 2061 4104
2419 2493 1941
2325 2452 2757
2284 2306 1123
2158 2340 7477
2106 2434 9763
2011 2460 4861
2160 2409 72
2086 2118 2325
2126 2273 2089
2004 2043 3782
2032 2205 3242
2273 2308 4214
2207 2348 9728
2159 2449 4178
2276 2420 3682
2253 2339 9218
2053 2345 6852
2438 2439 7732
2129 2353 7670
2262 2284 2720
2179 2310 1865
2114 2309 442
2265 2357 390
2067 2268 4198
2250 2422 1211
2323 2485 8535
2220 2336 2709
2349 2490 6661
2161 2489 5771
2281 2404 6355
2119 2273 8686
2143 2335 1950
2005 2485 9282
2209 2382 3945
2075 2485 5164
2023 2421 4178
2325 2485 9268
2008 2334 9466
2324 2433 8791
2098 2200 5864
2233 2416 3681
2268 2337 8125
2142 2492 7546
2147 2205 175
2188 2280 8009
2065 2386 3945
2104 2233 8578
2067 2350 1836
2051 2315 8522
2135 2422 5444
2489 2499 4472
2207 2303 8930
2303 2338 5639
2331 2349 1797
2242 2445 1004
2103 2400 7476
2364 2453 2783
2201 2278 3971
2226 2421 2485
2051 2317 7540
2051 2471 1201
2129 2364 516
2284 2385 6259
2308 2391 8886
2113 2265 4358
2100 2268 7051
2093 2485 7594
2013 2298 2181
2015 2172 9403
2218 2393 2008
2059 2288 4667
2177 2397 2857
2352 2427 5417
2359 2481 421
2124 2138 2607
2049 2352 9535
2002 2349 8494
2154 2426 4000
2081 2386 79
2221 2379 9712
2281 2313 2305
2243 2424 717
2043 2346 2249
2383 2392 9300
2117 2271 3079
2052 2440 4896
2172 2256 3068
2181 2373 3339
2152 2368 7250
2144 2405 6767
2040 2113 127
2056 2442 8141
2072 2492 1223
2134 2170 2908
2212 2370 4791
2065 2091 4461
2134 2332 9449
2031 2208 7552
2034 2166 6229
2198 2478 4280
2117 2380 2155
2292 2485 6367
2253 2486 9490
2181 2253 6590
2146 2210 8710
2071 2242 2818
2232 2326 9486
2410 2417 257
2417 2443 7114
2418 2420 7744
2277 2311 6091
2290 2307 6485
2219 2244 9700
2278 2335 8279
2128 2170 4601
2329 2466 2913
2158 2392 1479
2090 2279 2931
2235 2360 7218
2424 2440 6071
2187 2242 5285
2471 2483 9199
2126 2244 7446
2268 2464 4280
2150 2391 6840
2049 2099 3442
2389 2486 8990
2083 2369 3711
2117 2383 4370
2039 2375 9348
2298 2465 5991
2322 2342 6363
2118 2371 1979
2176 2388 4439
2439 2449 9203
2013 2140 1166
2108 2200 6399
2339 2351 9530
2161 2318 2183
2118 2432 6436
2085 2469 6880
2054 2487 5580
2005 2142 2017
2207 2259 4610
2374 2462 9611
2367 2476 1446
2121 2365 1133
2072 2468 2673
2198 2477 1547
2216 2424 1598
2321 2433 2725
2121 2351 4602
2151 2342 6992
2132 2438 1885
2141 2280 6127
2301 2350 9879
2163 2302 6566
2145 2206 9610
2088 2443 8968
2046 2294 7852
2044 2499 6223
2168 2240 2324
2212 2461 604
2150 2182 6203
2269 2465 5461
2141 2216 4702
2315 2463 5174
2113 2469 548
2187 2432 5756
2044 2071 5972
2027 2443 2923
2055 2061 3482
2216 2480 5965
2238 2432 6973
2087 2191 3635
2130 2311 6107
2082 2450 8368
2231 2264 5730
2235 2237 7876
2125 2337 8070
2341 2432 8926
2442 2450 5717
2045 2340 2681
2211 2251 7672
2196 2367 3530
2208 2259 237
2095 2182 6707
2094 2213 5716
2052 2124 4974
2044 2171 4467
2233 2272 7136
2307 2320 1007
2035 2174 9918
2190 2499 8359
2039 2373 3616
2056 2425 6401
2163 2256 4441
2157 2395 8726
2023 2135 8037
2088 2434 1215
2197 2391 6357
2172 2471 9821
2019 2490 9154
2107 2119 7237
2065 2150 4703
2262 2451 1421
2200 2258 1610
2015 2117 7220
2059 2078 2402
2133 2277 2782
2041 2313 6705
2389 2440 7980
2175 2400 7316
2097 2251 3398
2037 2474 7895
2063 2349 7140
2150 2280 1564
2318 2438 7121
2018 2386 7945
2004 2035 5259
2055 2278 2397
2155 2428 4303
2400 2435 1948
2311 2473 5995
2243 2262 1796
2118 2455 7763
2095 2266 3629
2076 2324 7041
2138 2442 9865
2176 2320 2036
2021 2058 4725
2114 2373 4874
2243 2316 5194
2150 2420 7368
2409 2488 1514
2141 2367 5274
2191 2490 7771
2410 2440 5651
2089 2468 9736
2021 2116 1898
2183 2198 3406
2019 2396 1268
2407 2433 9658
2170 2424 1790
2170 2229 978
2054 2386 2035
2205 2243 2202
2159 2217 8636
2329 2348 4467
2152 2294 4537
2272 2429 4477
2107 2213 3479
2148 2236 7294
2055 2341 1156
2394 2395 6075
2227 2392 730
2111 2492 8867
2187 2276 9286
2245 2478 358
2226 2397 6027
2328 2330 8546
2073 2245 8344
2369 2386 8971
2264 2303 5921
2130 2218 5779
2200 2411 2554
2073 2191 839
2188 2270 5611
2444 2462 3668
2152 2165 2604
2090 2302 5047
2016 2450 4173
2176 2283 7857
2283 2389 9027
2106 2463 5015
2244 2498 4246
2027 2028 1998
2271 2459 1103
2025 2077 2452
2111 2452 766
2413 2439 8086
2296 2320 8153
2142 2181 4386
2063 2462 5290
2282 2470 7050
2253 2288 6012
2289 2453 8196
2185 2302 7765
2243 2409 6347
2089 2450 4731
2188 2439 5169
2048 2445 7402
2049 2204 616
2027 2442 1628
2379 2413 7553
2123 2249 5943
2007 2022 2110
2150 2336 1091
2146 2278 4666
2365 2447 4506
2225 2455 6458
2039 2391 2680
2066 2294 6985
2066 2450 7232
2007 2181 2388
2090 2209 570
2215 2291 8770
2024 2069 9973
2353 2421 7977
2449 2481 1537
2328 2458 7714
2074 2236 8191
2251 2447 8639
2040 2047 5681
2143 2409 5871
2251 2262 538
2105 2202 3496
2000 2245 4365
2047 2139 1931
2381 2402 1482
2173 2388 2541
2043 2165 2312
2234 2348 4953
2023 2250 4099
2267 2492 8754
2000 2493 7593
2069 2431 9192
2114 2361 7542
2042 2076 3644
2256 2363 3573
2078 2158 2201
2140 2257 4288
2107 2264 4334
2431 2466 2395
2038 2263 6176
2078 2094 2233
2347 2429 7268
2162 2371 7846
2046 2251 3820
2410 2482 2019
2090 2306 1508
2018 2072 753
2275 2417 888
2243 2453 1680
2054 2475 7619
2253 2354 4966
2144 2195 9136
2260 2388 9059
2279 2367 6242
2170 2393 9991
2245 2462 5428
2371 2435 9959
2097 2430 4553
2267 2320 4470
2029 2354 5467
2067 2179 2155
2329 2472 5231
2276 2353 1664
2256 2451 2070
2008 2128 6406
2370 2461 4970
2071 2266 5438
2271 2371 6361
2053 2187 4982
2390 2479 9129
2175 2355 2766
2363 2465 4368
2175 2266 1617
2251 2277 4900
2224 2387 7531
2075 2438 3675
2091 2396 1688
2340 2426 756
2103 2260 1467
2178 2309 9991
2387 2391 1688
2014 2466 1332
2456 2457 7677
2337 2399 772
2327 2494 1482
2207 2482 8836
2436 2443 280
2257 2262 871
2248 2371 1555
2068 2160 2545
2005 2379 2646
2057 2363 1317
2138 2365 1898
2216 2306 3156
2369 2405 2793
2090 2213 7176
2170 2437 7160
2120 2308 3277
2120 2294 8735
2139 2181 3888
2247 2433 4541
2348 2497 8992
2240 2276 6984
2347 2376 5908
2159 2183 2221
2148 2448 835
2351 2479 6249
2045 2365 6617
2141 2287 7023
2034 2243 8078
2294 2309 5730
2364 2411 7306
2076 2415 4522
2088 2395 8978
2143 2182 4248
2073 2441 6900
2195 2456 9469
2091 2339 4267
2150 2403 6920
2065 2332 2278
2031 2246 1027
2209 2372 478
2301 2316 6517
2185 2410 2748
2266 2425 2218
2170 2453 8401
2302 2467 1476
2117 2422 1130
2067 2468 6739
2002 2461 6182
2132 2302 3727
2135 2478 1492
2267 2479 8559
2377 2413 927
2069 2405 7445
2111 2176 7396
2106 2198 397
2108 2496 283
2358 2470 5523
2154 2480 3620
2364 2401 3824
2030 2038 9264
2065 2322 7423
2411 2498 5618
2090 2219 2575
2266 2432 9310
2010 2104 1544
2206 2489 6884
2041 2477 2040
2172 2302 3721
2154 2298 3129
2379 2490 7973
2043 2310 7110
2291 2345 8170
2163 2247 541
2017 2204 9730
2048 2131 4847
2067 2278 6256
2328 2417 1051
2248 2263 357
2135 2373 6370
2258 2474 1507
2132 2190 6572
2024 2363 6217
2063 2194 2350
2165 2195 1122
2022 2385 6538
2015 2024 419
2013 2031 6226
2278 2301 628
2297 2373 5085
2294 2498 2912
2000 2370 1074
2054 2276 9145
2173 2198 9583
2238 2357 3760
2145 2402 9788
2146 2233 8134
2169 2349 2862
2133 2248 1297
2221 2243 4754
2067 2426 8441
2202 2355 9512
2204 2212 5109
2024 2295 3957
2043 2191 1300
2102 2382 6281
2050 2494 1225
2103 2407 763
2108 2281 2729
2166 2277 992
2108 2236 9162
2271 2353 9221
2089 2446 8956
2190 2492 3561
2071 2478 3741
2422 2488 1041
2201 2464 2460
2107 2359 9216
2313 2352 1331
2227 2385 2440
2430 2486 6837
2225 2472 5395
2019 2440 6549
2074 2366 4790
2357 2392 698
2218 2369 1818
2069 2281 3430
2149 2468 7431
2287 2461 6349
2081 2201 5618
2060 2192 2861
2211 2379 9574
2055 2070 1734
2364 2398 452
2047 2085 6195
2040 2458 4129
2228 2256 8447
2080 2100 3693
2059 2330 1363
2186 2383 1493
2170 2459 7128
2251 2466 3366
2164 2424 5765
2310 2338 1338
2050 2464 9257
2061 2072 9376
2348 2429 5991
2019 2235 8418
2329 2383 1617
2017 2333 7739
2181 2351 6983
2228 2450 9699
2144 2305 2446
2216 2296 7297
2259 2442 6070
2124 2288 638
2253 2416 214
2216 2480 3927
2003 2012 7572
2014 2201 6554
2302 2336 8800
2225 2314 4791
2004 2045 5539
2016 2342 9753
2026 2130 7857
2061 2318 6891
2157 2223 9002
2409 2486 6019
2019 2288 9850
2012 2049 9230
2027 2232 9065
2046 2108 4477
2059 2389 7337
2052 2388 8229
2058 2114 8420
2141 2270 4152
2117 2429 1486
2003 2405 7946
2078 2397 3589
2029 2496 2915
2005 2498 8469
2112 2420 8224
2319 2489 5937
2341 2483 3808
2132 2468 3084
2199 2385 5784
2072 2377 6863
2004 2288 8887
2133 2380 692
2165 2354 2134
2196 2380 2062
2276 2316 5155
2112 2277 8922
2176 2422 3021
2244 2464 5624
2263 2455 2093
2414 2439 380
2131 2386 5699
2269 2433 4207
2110 2160 6732
2125 2242 5853
2173 2288 869
2301 2395 2683
2210 2343 9077
2125 2434 8615
2346 2361 2233
2148 2419 3610
2130 2455 2326
2078 2294 6134
2014 2041 1910
2141 2310 3218
2431 2457 3465
2243 2432 7844
2084 2478 508
2076 2259 3622
2077 2160 4148
2231 2471 7266
2051 2062 9370
2321 2465 530
2071 2216 3642
2200 2450 9517
2260 2378 3026
2062 2255 6012
2167 2367 1705
2135 2366 3197
2058 2120 8801
2045 2410 9015
2202 2409 8071
2290 2415 7293
2331 2480 7893
2096 2479 3897
2121 2446 4782
2136 2179 3051
2220 2405 2840
2096 2189 7657
2110 2249 8808
2204 2477 516
2099 2165 1703
2262 2394 1009
2144 2388 3072
2018 2368 3756
2025 2134 1383
2002 2122 4469
2103 2316 5929
2003 2403 7651
2353 2466 3741
2309 2472 3951
2117 2409 1290
2171 2284 6
2270 2365 7972
2250 2444 112
2188 2319 227
2106 2241 1771
2046 2406 8592
2082 2198 7891
2055 2184 5604
2070 2181 9748
2318 2355 5180
2239 2425 6960
2063 2391 6456
2122 2406 1480
2204 2282 5116
2251 2345 9335
2059 2123 7195
2375 2417 4264
2045 2106 2015
2011 2412 8029
2010 2328 5177
2115 2403 9866
2131 2295 5041
2329 2338 4194
2080 2492 1914
2142 2476 7785
2026 2418 5417
2083 2284 9330
2078 2472 8421
2108 2206 6055
2278 2401 5895
2230 2443 3596
2057 2280 2664
2138 2462 8485
2056 2347 1075
2183 2356 4221
2169 2309 2328
2428 2434 5760
2133 2474 8116
2146 2281 5190
2016 2274 9148
2301 2499 2285
2394 2489 836
2446 2453 3600
2036 2098 2409
2137 2368 4926
2299 2470 1242
2240 2469 6454
2143 2421 6227
2411 2491 7720
2058 2284 6974
2227 2372 275
2080 2423 2030
2029 2231 8953
2017 2412 9617
2007 2250 8353
2105 2169 9759
2021 2202 4921
2266 2414 3653
2195 2479 3575
2168 2412 6079
2050 2252 4090
2012 2338 4788
2007 2463 3583
2183 2393 6202
2381 2459 8656
2203 2299 6299
2289 2305 4574
2161 2492 806
2316 2465 3268
2247 2404 8440
2047 2471 142
2093 2436 6913
2234 2308 7507
2243 2428 7270
2178 2382 7836
2031 2310 4377
2218 2380 3934
2168 2284 5277
2229 2251 8771
2242 2488 1006
2138 2476 4199
2031 2330 4960
2015 2457 3572
2194 2494 485
2197 2439 6737
2032 2259 5932
2174 2233 7230
2176 2340 2891
2306 2398 3117
2034 2079 2035
2104 2369 9384
2121 2417 8772
2139 2388 4380
2012 2161 1224
2153 2418 6303
2132 2229 8755
2252 2461 9746
2353 2429 5007
2374 2405 5932
2090 2241 3189
2254 2273 693
2138 2305 5593
2089 2324 1347
2103 2411 842
2002 2493 4931
2225 2439 3823
2351 2360 4686
2068 2372 5139
2310 2418 6354
2444 2495 8212
2142 2235 1837
2029 2067 7133
2457 2482 3830
2251 2443 9688
2303 2490 1749
2023 2216 7852
2166 2262 6600
2095 2361 4755
2043 2282 6310
2040 2250 1110
2023 2435 5549
2022 2372 4417
2131 2328 5479
2160 2281 7807
2027 2325 9900
2088 2258 7243
2120 2283 6380
2127 2327 9577
2243 2408 7639
2114 2348 6766
2171 2447 3308
2236 2411 2975
2442 2463 3726
2362 2398 1946
2056 2250 6979
2363 2382 32
2145 2323 4293
2152 2163 9958
2169 2414 3699
2053 2333 8270
2382 2383 9359
2184 2410 2076
2044 2068 2070
2345 2402 104
2326 2404 2696
2051 2082 1184
2119 2408 3131
2283 2492 29
2354 2445 646
2362 2465 4304
2047 2276 8431
2238 2396 1915
2026 2251 8717
2058 2472 9559
2133 2292 1772
2284 2438 1527
2245 2485 8244
2478 2485 6863
2370 2417 4034
2233 2314 1669
2177 2272 6986
2130 2371 1485
2057 2288 9547
2180 2231 8460
2183 2277 2264
2148 2223 228
2219 2246 6221
2191 2387 2707
2213 2267 2629
2384 2412 5714
2111 2436 6035
2377 2437 2993
2190 2370 452
2030 2056 9122
2224 2388 2602
2039 2188 3101
2102 2370 3795
2007 2267 312
2117 2363 3234
2184 2410 1636
2030 2097 7471
2001 2185 2781
2435 2491 268
2153 2231 6959
2110 2246 59
2312 2361 2172
2194 2239 789
2200 2444 6428
2007 2312 953
2037 2246 1474
2323 2430 7487
2322 2421 640
2152 2351 2022
2423 2487 3935
2074 2129 4484
2136 2153 3769
2128 2199 9319
2041 2441 2053
2360 2402 4857
2215 2286 5288
2375 2435 6538
2026 2282 3196
2041 2133 3418
2115 2491 4329
2003 2266 2269
2077 2133 614
2035 2381 4774
2021 2111 4965
2320 2451 6826
2232 2449 6656
2126 2496 2834
2146 2397 1347
2225 2464 8780
2003 2375 2644
2277 2289 498
2315 2428 2529
2296 2405 5385
2178 2193 5955
2004 2409 3455
2022 2030 7585
2089 2133 8446
2132 2420 9028
2154 2429 3113
2217 2467 245
2122 2378 8273
2136 2386 1295
2348 2446 1112
2085 2479 8926
2105 2401 5628
2053 2070 8759
2274 2356 629
2086 2204 7004
2001 2242 7863
2282 2412 1325
2001 2117 6295
2145 2383 2416
2106 2215 9498
2370 2398 8670
2043 2247 9881
2009 2354 7588
2046 2138 6407
2162 2302 750
2332 2428 3011
2014 2206 6468
2321 2462 5138
2046 2085 8146
2345 2428 237
2030 2258 6291
2005 2369 8775
2131 2143 6566
2373 2466 7966
2105 2154 8711
2305 2391 6033
2422 2455 3874
2125 2307 3363
2351 2398 8002
2095 2446 6377
2222 2430 8053
2205 2438 7057
2025 2056 3366
2359 2497 1804
2103 2410 9115
2149 2152 9167
2013 2441 3252
2434 2435 5621
2081 2282 5860
2022 2490 676
2084 2493 6270
2098 2327 41
2061 2108 230
2177 2258 7900
2054 2078 9493
2097 2266 5452
2239 2497 5474
2166 2265 2792
2417 2469 2175
2088 2235 7154
2027 2434 4499
2194 2217 3113
2029 2407 6954
2162 2202 2923
2055 2424 3329
2107 2131 4920
2296 2476 4595
2035 2054 851
2012 2161 1408
2004 2487 4928
2197 2440 3114
2330 2482 9705
2159 2194 8892
2085 2350 2574
2028 2218 2294
2000 2467 3646
2100 2232 1476
2197 2444 1405
2104 2360 6268
2027 2177 2882
2149 2385 7838
2057 2482 2643
2061 2432 3126
2311 2439 7819
2332 2418 2302
2257 2340 5966
2054 2410 3100
2066 2183 2095
2009 2329 9335
2132 2277 4820
2465 2472 2877
2073 2264 9308
2335 2407 3797
2008 2372 9493
2117 2439 9932
2136 2175 4990
2072 2176 2188
2343 2471 7750
2308 2456 5740
2483 2499 6420
2013 2236 132
2125 2322 2720
2047 2308 6277
2429 2496 8279
2026 2497 4235
2372 2465 8920
2346 2469 8930
2058 2350 313
2030 2250 2540
2241 2341 2060
2217 2247 9977
2178 2436 4307
2098 2256 4922
2165 2226 8562
2204 2219 2217
2085 2157 1596
2205 2460 7152
2209 2264 6870
2147 2189 1447
2037 2142 2815
2082 2186 3089
2089 2332 1418
2080 2472 9498
2219 2316 9858
2066 2220 2281
2415 2493 7177
2453 2493 1057
2018 2190 5271
2225 2256 5423
2188 2351 8476
2322 2403 302
2136 2191 2353
2293 2479 2648
2008 2356 2506
2115 2251 2886
2132 2140 904
2412 2449 1112
2091 2441 9460
2217 2235 427
2240 2483 8135
2176 2341 189
2359 2483 3155
2100 2154 577
2128 2146 2181
2231 2417 4573
2335 2441 1817
2295 2326 2966
2058 2404 4260
2315 2354 4417
2240 2352 8209
2353 2453 7081
2303 2311 4663
2087 2387 9607
2430 2478 1168
2010 2276 7831
2121 2153 8608
2003 2321 3280
2009 2421 1638
2044 2149 9979
2004 2052 6483
2326 2366 745
2009 2232 8001
2103 2462 6060
2075 2326 7168
2159 2479 5606
2253 2302 382
2007 2077 4955
2126 2454 1533
2022 2129 2451
2391 2450 3244
2262 2495 1977
2285 2343 7016
2089 2418 1607
2060 2168 1466
2057 2088 353
2419 2486 8523
2076 2193 3213
2041 2180 4177
2171 2196 853
2197 2416 7804
2117 2415 944
2084 2366 4637
2192 2379 5376
2448 2475 619
2399 2413 2568
2037 2433 5277
2198 2272 9429
2037 2175 7911
2393 2446 3202
2405 2490 1481
2354 2485 2092
2008 2456 2726
2025 2390 5254
2276 2327 7480
2021 2286 9476
2324 2475 5415
2008 2048 3598
2366 2409 5730
2115 2402 3846
2453 2480 1180
2071 2407 4922
2462 2467 7300
2057 2309 9008
2072 2419 827
2000 2308 2264
2011 2240 7550
2006 2245 4581
2026 2361 3159
2225 2319 1501
2197 2265 3797
2318 2344 9752
2002 2477 2135
2167 2421 9076
2060 2197 359
2060 2118 1720
2297 2493 986
2317 2380 7112
2039 2449 2545
2073 2182 7812
2004 2023 745
2248 2373 2732
2104 2484 4583
2069 2462 4512
2128 2152 9494
2111 2303 5199
2093 2233 803
2397 2434 975
2011 2464 3309
2316 2394 8683
2059 2400 8507
2050 2365 6405
2087 2187 6749
2301 2475 9521
2029 2254 4521
2293 2374 5830
2109 2251 1416
2385 2425 2217
2039 2068 8911
2266 2481 3929
2178 2446 7657
2051 2203 8191
2008 2318 3045
2125 2136 8429
2254 2486 2729
2091 2112 3320
2119 2353 642
2306 2454 3790
2205 2366 2450
2188 2308 4808
2297 2376 987
2292 2415 5508
2063 2102 3336
2457 2494 8755
2187 2454 2330
2156 2375 7158
2050 2231 2611
2172 2400 9492
2009 2125 4569
2109 2299 6831
2318 2390 6657
2363 2373 2887
2088 2475 6671
2341 2422 2692
2111 2403 7848
2049 2254 5627
2137 2429 9775
2011 2237 1806
2140 2225 8398
2129 2472 8007
2145 2447 6773
2033 2483 3069
2109 2249 679
2284 2479 3430
2030 2349 8459
2346 2370 5397
2145 2354 259
2341 2494 9803
2180 2414 1537
2038 2465 7257
2144 2468 7080
2007 2282 1074
2245 2397 4573
2295 2328 3763
2121 2153 36
2203 2434 9322
2031 2291 5680
2147 2469 1906
2175 2371 3775
2190 2261 3694
2214 2362 2556
2265 2317 6384
2041 2134 1043
2196 2323 6599
2254 2283 4450
2189 2330 598
2286 2464 3118
2253 2433 8383
2124 2411 2966
2238 2363 9156
2254 2375 2732
2413 2437 3163
2218 2307 4224
2108 2423 9405
2100 2377 3853
2189 2483 6240
2172 2456 5627
2171 2342 7829
2236 2490 2020
2163 2360 8929
2196 2257 5653
2228 2465 588
2265 2452 5823
2112 2122 1210
2159 2185 5016
2471 2485 915
2133 2145 553
2080 2099 2438
2024 2437 4305
2026 2203 9101
2441 2460 2288
2041 2059 9961
2080 2148 5033
2077 2344 5076
2133 2478 8961
2148 2257 6978
2082 2101 9561
2397 2485 9345
2230 2298 9472
2082 2270 5439
2045 2496 5079
2284 2491 6137
2043 2361 7454
2382 2465 5407
2089 2198 8816
2370 2477 7693
2154 2468 2903
2096 2385 9508
2037 2341 7409
2159 2306 7114
2119 2430 4630
2152 2249 9987
2057 2233 5312
2072 2451 4489
2143 2303 2264
2343 2411 1993
2087 2234 7266
2326 2496 2839
2048 2239 3787
2412 2479 7953
2061 2276 2213
2192 2295 5599
2104 2337 7585
2161 2201 7400
2137 2460 5660
2010 2329 7418
2415 2461 3257
2230 2282 1431
2358 2447 8419
2032 2068 9329
2240 2404 8631
2061 2091 878
2129 2411 2414
2135 2297 8817
2118 2497 7961
2205 2259 4636
2158 2175 4209
2099 2356 4381
2289 2433 9731
2121 2289 5506
2147 2372 7241
2148 2196 7613
2074 2334 7253
2276 2392 4590
2112 2313 4514
2250 2355 7284
2185 2329 8371
2009 2190 1554
2025 2316 3776
2172 2474 5812
2079 2181 4459
2144 2223 8493
2299 2468 7431
2024 2034 1239
2065 2345 9401
2180 2419 6703
2103 2169 2237
2001 2419 1044
2185 2420 3572
2146 2293 9165
2261 2277 5966
2423 2443 1313
2310 2455 8043
2194 2374 3061
2185 2366 3527
2067 2115 5093
2199 2370 144
2074 2096 6893
2031 2071 7527
2267 2444 8987
2426 2471 8165
2455 2456 9511
2188 2304 5352
2005 2119 1168
2026 2440 6522
2141 2391 5797
2343 2489 1117
2293 2480 1039
2335 2366 9097
2037 2122 1047
2065 2254 1685
2047 2086 224
2277 2488 43
2033 2144 6302
2123 2158 1113
2130 2136 5752
2051 2358 5527
2010 2252 4735
2055 2382 8766
2071 2191 9422
2172 2205 540
2342 2398 6336
2190 2257 7776
2209 2313 797
2001 2232 6663
2072 2135 9670
2162 2204 803
2165 2192 250
2178 2380 8292
2429 2452 6717
2120 2157 7036
2073 2448 820
2156 2251 9075
2301 2333 7734
2337 2434 914
2310 2354 1730
2047 2475 3042
2214 2349 5923
2317 2425 8559
2190 2330 2782
2283 2475 8989
2086 2255 3342
2311 2359 3687
2168 2440 2347
2256 2465 6727
2167 2344 2746
2053 2192 6694
2172 2387 5624
2483 2495 3573
2157 2285 746
2231 2347 4977
2083 2230 6987
2343 2410 8064
2208 2451 4674
2030 2269 3718
2120 2411 2779
2182 2498 2625
2320 2407 5770
2016 2396 9565
2065 2257 5839
2229 2484 9606
2300 2434 9190
2054 2176 7015
2257 2336 4446
2166 2280 7933
2127 2327 5873
2079 2105 394
2022 2371 2232
2233 2335 7851
2179 2469 3432
2365 2459 1208
2279 2319 1281
2160 2284 3982
2040 2380 2901
2302 2405 6411
2020 2220 5148
2431 2439 9030
2255 2463 8084
2301 2351 6222
2159 2266 8867
2203 2222 9117
2285 2454 4259
2059 2322 7392
2005 2167 4058
2073 2315 8234
2096 2282 8902
2372 2427 2573
2219 2407 7292
2026 2065 2533
2096 2239 3232
2086 2136 2123
2299 2328 2613
2054 2468 1405
2118 2467 6590
2146 2267 1248
2232 2295 6337
2201 2421 909
2191 2272 1697
2018 2294 6288
2178 2434 7193
2038 2054 9899
2291 2375 5188
2174 2201 8114
2007 2121 6396
2395 2398 2643
2202 2377 5160
2111 2325 4379
2033 2462 7306
2254 2462 2698
2007 2450 1393
2128 2216 5159
2216 2244 7800
2417 2460 4620
2066 2243 660
2406 2411 2004
2234 2416 477
2080 2477 9542
2087 2489 3832
2002 2424 9710
2129 2146 1936
2141 2332 469
2110 2411 3649
2047 2409 5718
2016 2309 4874
2230 2281 5000
2122 2176 6885
2106 2490 6168
2085 2469 2649
2062 2450 1143
2425 2498 7538
2220 2242 5027
2164 2244 7167
2196 2198 1359
2152 2333 1146
2167 2418 9459
2268 2486 7311
2197 2297 1308
2028 2131 2082
2134 2315 4969
2121 2190 7326
2130 2169 1152
2096 2109 1798
2218 2461 9040
2310 2327 606
2342 2446 2200
2036 2306 9093
2217 2468 3297
2193 2330 1334
2065 2124 8061
2058 2170 8436
2140 2182 3177
2025 2176 696
2454 2457 6788
2042 2391 7990
2030 2304 4459
2027 2205 1401
2230 2472 1469
2087 2473 9796
2000 2247 5729
2235 2372 2518
2048 2320 5346
2262 2296 5611
2140 2296 2181
2327 2365 4400
2072 2423 3132
