500
208 223 2818
220 243 5249
203 244 474
227 245 6364
202 239 7910
204 205 5972
219 224 3057
215 230 3085
217 244 7976
207 230 4849
201 222 5371
246 247 5387
216 229 1503
205 224 4174
228 233 5606
203 240 5503
205 240 2068
218 223 6505
214 243 312
227 228 3112
223 237 2189
205 223 3950
202 249 385
216 218 8032
201 243 4220
235 250 9193
209 225 1785
219 240 9025
201 249 8203
201 203 4704
206 238 7383
204 225 391
204 218 1061
222 241 3215
201 231 5507
238 239 3602
226 231 9788
226 249 3427
205 242 8219
204 225 2559
225 237 1288
229 247 5848
208 237 1017
219 237 9
213 231 5216
236 241 2742
219 247 1889
202 247 6237
229 234 1812
209 248 2428
206 217 3173
218 229 2451
216 245 3162
225 245 3828
249 250 5467
202 229 4574
217 218 8695
228 236 9984
209 220 3432
203 226 6046
213 215 7617
217 247 8838
224 230 2869
232 242 1344
206 209 8497
222 236 6567
228 244 1308
228 248 8737
221 226 8522
209 221 4489
224 246 7078
205 212 8351
212 220 5229
202 227 8833
212 218 1982
239 248 5534
210 239 7041
223 232 3644
219 246 6731
243 245 3629
206 226 4738
220 247 3091
201 211 7524
214 244 9508
207 245 5702
202 246 9267
207 221 912
207 225 4920
217 221 3313
226 233 2684
230 231 7393
208 239 9719
222 239 6816
208 213 6484
225 246 8599
219 232 3264
225 229 8749
208 217 104
224 231 3877
216 234 10000
232 246 667
209 218 3304
227 229 6524
220 243 2091
202 246 2008
213 247 2551
241 246 7671
224 245 931
205 222 9012
204 232 9647
233 248 6713
206 218 9490
236 248 843
214 243 710
210 220 5136
225 245 2855
203 242 9856
206 233 764
244 246 7071
216 235 5660
208 229 3236
217 223 2517
222 243 8969
212 226 7253
213 234 9739
231 238 7541
215 221 8542
232 234 8590
224 239 9004
239 248 4988
227 234 4700
210 234 1963
202 216 165
230 238 6184
217 248 6951
231 248 3915
216 228 1119
213 222 4472
223 234 3328
203 220 7020
212 230 5197
207 240 5892
205 227 9157
206 215 120
211 213 265
209 223 23
205 237 2538
214 246 9545
204 233 4234
205 242 5809
202 207 2508
238 249 32
216 248 6033
207 230 1185
227 241 4611
227 245 6569
230 237 6693
223 229 7706
209 217 4919
240 245 2694
230 248 655
232 238 3918
235 247 6513
233 241 6249
218 228 9703
212 248 653
216 247 7489
207 247 7422
216 236 1239
227 238 2389
202 233 9452
224 239 9047
203 233 8650
205 212 2343
209 227 9596
201 208 2637
218 236 2563
213 243 8250
206 234 2935
218 223 3834
204 219 9443
203 245 6643
207 215 9746
209 217 9898
224 227 363
214 236 7096
247 249 7394
201 249 8911
211 240 6097
235 243 3815
201 208 7801
217 224 5204
231 244 47
230 241 610
210 250 6970
209 211 5182
203 212 6722
206 234 3621
212 214 4045
216 240 6410
232 238 5372
224 243 8153
221 250 5472
211 219 5441
215 245 6220
207 240 1565
201 202 3837
228 229 7853
243 248 1703
213 238 675
234 243 1099
235 244 3774
202 242 6419
230 231 1783
206 232 1666
213 226 9862
213 217 5031
201 204 3896
217 243 8314
232 239 4560
216 221 7372
212 222 1951
208 243 1270
231 242 5872
205 231 8485
235 236 8026
232 237 5926
222 228 3911
219 221 6465
209 222 2234
203 240 4443
228 235 7073
219 231 5253
201 228 6048
215 225 7898
210 241 1454
225 227 9983
212 227 9215
209 247 1814
230 245 4691
210 228 8173
235 241 4315
213 220 5595
239 250 668
207 214 3393
204 238 1949
201 230 8852
202 212 5450
215 222 4001
211 223 4801
234 248 6213
224 237 7208
223 249 6103
235 242 5399
218 237 7582
214 233 7088
207 245 1032
203 224 8116
229 241 9457
222 235 6
219 220 6388
210 228 8885
244 247 9243
220 250 9348
220 236 5082
238 240 5654
208 220 6815
221 228 3139
235 239 3892
206 233 8783
237 243 1846
227 232 4596
225 245 7265
221 222 3430
228 236 6167
204 242 4033
243 250 9002
209 210 2500
233 236 9695
220 244 3567
218 238 8958
201 214 3158
220 247 9711
238 245 4634
212 214 3697
205 244 3306
216 233 7110
216 250 9940
243 246 2181
211 243 2043
205 249 2765
204 213 7432
231 250 8007
231 247 6565
220 235 9266
208 228 2940
211 240 1703
203 249 9686
217 238 140
230 242 1397
201 242 5738
228 236 5333
208 229 9690
206 248 4382
215 228 5349
225 236 5264
235 241 3969
247 250 9867
221 239 838
213 241 2899
237 242 2991
210 240 265
210 244 1807
228 244 7824
218 229 6647
208 229 2571
203 234 317
204 211 4490
202 219 7654
219 225 851
219 241 5718
213 237 1493
201 224 8180
201 248 5832
242 244 5514
215 222 6306
202 224 3831
237 247 1248
207 246 4416
209 241 2489
220 249 9319
209 219 7518
206 233 9257
205 219 9353
218 234 2944
203 250 130
208 229 214
222 237 3352
226 233 9210
216 219 7632
219 235 4778
223 249 3188
223 237 5673
202 226 1405
201 237 6469
205 217 2777
226 246 8007
215 250 5125
209 215 127
239 242 9623
207 213 5311
202 210 5789
211 235 3446
232 241 2541
222 240 7130
204 221 6549
220 234 279
225 229 5204
214 245 37
221 239 1475
225 226 3981
201 226 4071
201 242 335
213 223 4237
237 244 3402
226 232 8831
240 247 7891
231 250 2599
220 240 411
220 228 3319
238 248 8367
228 233 2837
213 241 7730
231 234 4114
221 235 6884
218 247 1895
228 250 3083
226 250 5332
231 241 9592
218 223 5319
202 234 1639
205 207 5939
213 220 9212
225 232 2462
201 249 5358
232 247 9118
233 238 789
209 240 1799
204 224 3512
220 245 9298
214 217 4038
234 245 4381
206 218 9666
218 228 9523
214 231 3293
203 247 5826
202 228 7663
224 248 9708
209 235 6383
205 242 3383
205 223 1542
222 249 6035
230 238 6836
232 246 217
215 235 686
204 244 9169
219 221 8194
216 223 3160
236 246 1794
207 246 9944
202 243 448
245 250 7001
211 237 4679
204 224 2399
214 230 7240
203 226 6275
243 249 7070
208 223 6942
218 226 5752
226 230 3397
215 220 6442
230 245 8734
235 245 7316
219 242 1059
229 235 3522
232 242 1771
219 242 3033
204 248 2493
219 233 2533
209 242 5942
231 241 6483
207 248 2717
221 238 2812
223 224 6863
205 209 1723
210 214 30
211 237 4723
216 248 2580
211 236 419
207 217 4001
206 221 8066
204 217 8152
213 242 6680
205 240 6567
229 232 2496
227 250 613
201 230 7222
203 233 7443
233 241 2658
205 236 8662
210 245 4348
209 215 4414
217 224 8380
226 248 9472
205 240 3848
236 248 6071
210 221 6831
217 236 7807
223 245 8308
216 230 2825
224 229 131
203 207 8352
214 221 567
208 216 160
226 237 1532
202 250 4738
223 227 1614
223 228 1577
223 245 3469
201 225 7550
233 238 848
209 234 2340
202 247 5086
215 232 5044
202 217 7532
236 240 159
203 238 5235
201 204 3215
205 244 4237
218 227 1831
211 233 9006
211 227 8476
204 208 8142
202 209 3988
229 238 1481
226 246 7066
215 242 2960
227 233 9821
227 238 6544
213 241 6604
234 245 6888
205 210 7884
216 218 3048
203 244 4729
233 240 1013
226 230 9547
226 230 9620
208 247 9119
209 229 1969
205 209 5739
