500
211 241 4799
205 250 8707
223 245 8882
233 248 9210
204 229 4875
203 211 941
208 228 2772
214 228 180
219 241 1201
206 226 4871
213 220 5437
210 221 5760
210 238 5215
207 219 1223
217 238 7323
228 245 4369
228 237 562
228 232 6304
201 250 7337
212 237 9851
201 202 4169
227 228 5218
206 228 5879
207 237 6746
203 218 7054
209 229 4563
206 228 842
222 228 4472
228 250 9437
201 245 9274
224 227 7624
206 210 7246
231 235 5445
202 241 8724
223 237 203
201 215 1430
233 240 4216
203 235 8138
208 219 5643
213 226 2053
211 242 7554
226 242 7852
229 239 6378
221 238 9902
207 223 6888
205 227 1092
208 221 3403
236 246 1181
229 231 457
206 210 6353
206 246 8064
201 235 2172
218 238 952
217 226 6627
218 230 2937
217 250 2029
215 232 4013
234 244 2650
214 243 5743
237 248 662
207 217 6563
203 226 9902
240 245 1032
203 246 7647
219 248 7504
236 241 2075
206 217 3619
205 242 2777
215 221 384
204 205 2
216 222 6181
239 248 687
217 239 4568
223 244 5436
238 243 6084
229 250 6626
204 249 4408
210 211 6719
215 226 9293
210 229 3412
209 239 5101
210 224 8357
232 243 257
220 229 3580
230 247 9412
229 246 2149
223 249 2633
209 213 8525
216 244 8210
232 237 3453
236 239 8548
204 239 1765
240 250 6912
204 210 6291
212 227 2281
228 241 1839
221 231 3658
240 248 8286
227 233 2715
204 237 7476
204 210 2864
240 242 2841
206 221 2282
208 213 5853
219 229 4001
218 228 4440
221 228 8486
223 234 3493
234 250 5377
220 238 2679
228 232 1508
209 216 3043
238 239 431
245 246 2477
214 235 5293
218 230 549
227 236 592
218 222 187
218 222 7953
201 220 6943
233 239 113
203 219 5750
212 230 439
218 239 2599
210 243 448
239 244 7062
217 238 8841
209 226 656
203 226 7058
203 246 3911
204 210 6173
207 224 1697
223 237 8249
208 211 3824
224 228 4808
206 220 4991
202 204 540
215 224 8976
213 222 4593
207 236 6325
218 240 7371
230 250 3509
213 243 6791
209 234 6566
230 240 6927
213 214 8372
212 239 3554
214 248 9060
213 229 1680
203 233 4163
213 250 6061
222 245 9397
248 250 8795
218 239 2433
209 232 1637
216 234 5224
217 235 5071
244 248 5063
234 237 1151
222 242 2368
223 245 5889
219 227 8381
218 222 6138
226 243 3364
224 248 9043
245 247 6807
215 218 8014
233 236 7586
221 226 2293
204 217 6384
215 245 6069
215 237 7168
213 218 755
204 248 5221
206 221 2273
208 229 8330
208 223 5902
228 244 7817
219 221 6764
211 249 2976
214 225 4915
201 207 1873
205 221 7686
232 236 223
209 214 9132
245 246 4841
201 244 4190
221 232 3542
216 234 9685
204 250 8193
240 243 2336
227 234 5069
228 242 3544
234 243 6927
235 249 9176
210 219 2324
205 245 6807
205 215 4584
217 231 7379
218 224 3904
217 230 8155
201 230 5579
237 242 7953
214 224 5566
207 237 662
217 233 8290
231 241 428
223 244 6171
209 224 4027
203 225 5072
221 224 1700
232 240 7870
213 245 1341
219 240 454
215 233 2567
239 240 8547
220 241 2464
215 234 5151
209 249 6775
203 213 8899
227 248 4992
230 231 9858
232 246 2283
226 250 1494
201 246 5560
211 237 6092
231 236 4560
204 234 7504
212 213 7413
224 248 4886
205 209 1229
236 249 6225
203 211 1669
204 230 5008
242 249 6190
217 239 4316
215 237 8580
223 246 5430
207 236 8914
220 250 103
223 237 5971
239 247 818
213 247 8641
238 241 5734
210 233 6471
229 231 252
208 212 2971
207 229 9985
218 249 957
226 229 4710
230 239 9790
204 249 9514
209 228 2152
242 250 6338
246 248 7086
221 232 1581
212 230 8923
216 241 3905
204 249 5117
216 250 1735
219 239 9807
212 218 3724
207 223 1296
207 244 6199
211 215 5553
206 228 3382
204 228 6500
214 241 8900
204 246 3238
205 227 4056
216 231 8509
211 222 2096
203 248 6318
206 225 7659
229 243 5479
226 237 9733
209 224 9394
219 229 9889
236 242 5981
222 241 6381
211 249 16
218 219 782
226 227 4125
210 246 6662
203 233 6633
223 236 1901
231 242 9093
204 235 6608
201 229 2317
224 225 3005
202 233 175
231 248 7765
249 250 4674
209 210 9205
207 217 293
231 246 4300
216 217 3753
205 215 4421
203 243 6855
229 245 1092
222 245 5185
233 249 3662
214 233 3029
222 225 9196
219 235 4976
205 211 5405
210 230 2372
204 219 2223
202 208 8530
201 224 2884
223 231 7469
209 248 5103
208 230 1538
202 237 1301
220 229 8313
205 249 5071
216 242 7298
225 249 3846
226 244 2887
244 250 3934
235 250 6613
214 242 4189
225 235 3784
240 243 1861
219 222 9833
206 221 322
204 221 3157
207 211 1311
214 235 7322
239 243 3369
221 239 3738
201 224 4701
227 249 4549
214 245 7091
228 240 4419
234 240 9351
212 228 3210
208 247 3146
208 223 7597
207 220 235
219 225 6883
203 205 9983
218 239 3571
208 232 7061
207 245 3964
237 240 7546
227 246 5639
234 244 3924
215 236 4866
215 249 4846
221 250 6796
202 217 6854
234 236 544
204 210 3254
206 234 4509
202 242 8706
211 220 3991
243 244 5208
206 250 1210
216 219 5045
233 235 3087
216 232 3350
211 214 9795
203 247 7475
201 241 3617
212 220 682
234 249 5023
204 249 427
213 243 8972
236 249 4130
230 239 2146
245 246 4116
215 222 7760
226 243 4767
242 245 7668
217 246 4932
224 243 8790
226 234 6354
231 241 9651
215 249 7695
243 250 3197
210 231 5385
231 238 9225
203 243 8890
210 223 8624
239 245 8753
202 208 2040
226 242 166
224 236 6691
226 247 2250
202 243 2722
218 222 2364
203 213 8663
232 244 4832
210 211 310
222 233 9260
225 247 10000
202 244 1825
216 226 8130
211 235 1597
207 249 1240
204 240 6170
219 226 163
226 244 7861
205 245 2919
214 219 8336
209 218 7780
230 236 7768
224 243 7720
209 238 5347
202 222 9786
227 235 4247
225 236 3004
211 234 4694
207 233 5188
213 244 8830
205 219 2591
205 219 1918
216 223 4557
208 236 2314
205 226 515
217 239 4701
213 237 4509
209 223 961
202 237 488
211 230 2934
211 239 8817
201 218 9862
220 232 528
233 240 5374
210 216 988
203 234 6051
211 228 5405
226 248 4340
201 202 2512
208 240 1522
202 250 1181
206 209 3935
215 238 670
210 218 8299
219 245 6617
213 227 827
221 239 488
212 221 4406
236 249 8099
230 234 3621
219 226 8680
210 214 4775
237 248 4510
236 241 3787
201 238 7725
235 245 9181
232 248 687
208 215 609
220 246 5799
208 214 3330
233 249 3404
206 245 9969
221 243 4569
227 246 9792
201 216 4371
205 207 687
210 239 1895
217 232 9739
205 229 8104
220 225 8720
201 221 6849
223 244 9186
209 238 4152
216 243 8277
223 245 3114
201 241 5887
217 222 9110
233 234 2794
202 226 6845
218 243 260
203 207 9253
237 246 9321
211 220 3577
202 241 5964
223 238 1768
210 240 4981
220 235 5320
213 215 7390
226 250 4178
212 241 5316
224 246 5755
212 228 1942
209 220 1280
224 230 8742
221 242 8358
219 220 856
205 235 3785
204 211 2836
206 223 7569
225 232 5801
210 236 7093
210 215 9518
241 249 3858
209 231 2499
