5000
2047 2093 8977
2077 2368 100
2119 2181 8446
2377 2378 3717
2048 2138 8685
2040 2063 3662
2079 2304 7711
2281 2307 8633
2125 2386 3483
2369 2456 7338
2067 2381 3326
2176 2451 6243
2308 2435 1897
2225 2477 6266
2351 2471 352
2106 2157 9328
2092 2099 2544
2223 2381 9778
2014 2218 4860
2152 2315 4726
2073 2089 4535
2196 2461 4333
2030 2097 3099
2320 2484 9907
2333 2403 9372
2168 2332 557
2122 2479 4721
2064 2119 5138
2171 2337 9851
2323 2381 3506
2027 2279 2501
2227 2235 6891
2171 2422 3907
2237 2349 4793
2037 2325 3473
2377 2406 918
2133 2449 546
2099 2251 9645
2016 2099 1991
2324 2381 7849
2040 2412 4514
2013 2248 7189
2000 2355 448
2012 2423 4938
2239 2411 5442
2049 2145 1210
2469 2483 4438
2052 2094 5854
2171 2281 2573
2085 2388 6061
2213 2335 482
2018 2481 9324
2264 2341 7594
2408 2499 4565
2017 2270 3731
2162 2169 8933
2030 2129 1988
2138 2281 7044
2082 2455 9641
2004 2073 1113
2013 2123 1575
2262 2429 5207
2224 2333 717
2175 2485 2212
2191 2328 5306
2019 2274 2471
2001 2493 8447
2058 2084 9219
2246 2259 7904
2420 2437 7459
2094 2418 8940
2121 2170 5857
2115 2378 4820
2070 2404 7199
2420 2490 2960
2221 2442 7286
2126 2138 3351
2011 2433 2443
2196 2446 1957
2078 2288 2613
2174 2314 705
2089 2459 116
2097 2387 334
2444 2475 3787
2252 2313 6518
2229 2281 5806
2216 2374 5826
2083 2119 458
2245 2309 587
2131 2155 9257
2216 2444 7773
2203 2221 4393
2190 2198 4516
2341 2372 4873
2044 2190 1090
2032 2149 2149
2210 2341 8241
2236 2395 5858
2042 2420 4779
2030 2360 7337
2055 2473 2546
2072 2486 6758
2269 2436 4777
2023 2087 5749
2085 2302 7475
2176 2401 8391
2080 2082 9705
2206 2372 4813
2325 2426 5949
2157 2268 1460
2257 2394 9309
2107 2263 4735
2297 2459 4221
2029 2072 3369
2106 2348 8980
2121 2420 6949
2034 2464 11
2258 2277 4954
2097 2246 835
2199 2346 8263
2098 2146 9178
2144 2311 9302
2292 2379 2473
2002 2303 2125
2030 2084 7430
2266 2406 7414
2076 2426 3720
2379 2453 4440
2147 2203 610
2096 2399 9820
2154 2401 1342
2113 2273 3330
2036 2308 3949
2171 2175 752
2001 2347 1078
2079 2358 5219
2082 2090 4980
2170 2299 3926
2026 2028 9
2070 2282 7996
2317 2431 7141
2068 2472 5521
2015 2417 5454
2411 2419 3522
2163 2472 8804
2042 2087 9968
2078 2186 293
2026 2081 2964
2081 2195 3841
2285 2375 1546
2060 2233 165
2221 2349 897
2298 2411 3127
2230 2317 6816
2021 2290 7593
2186 2450 3508
2024 2467 2835
2091 2212 11
2077 2255 7374
2018 2058 4688
2115 2116 9321
2269 2440 117
2201 2451 3176
2012 2449 2320
2137 2458 903
2176 2492 9950
2024 2271 8786
2310 2358 8058
2412 2449 8029
2055 2146 7357
2012 2370 1527
2052 2178 1910
2033 2155 1048
2012 2065 6599
2069 2269 3256
2154 2324 9563
2226 2449 9087
2293 2416 4146
2001 2279 201
2023 2368 6314
2226 2404 4714
2043 2452 8034
2053 2298 5020
2425 2458 4885
2113 2153 7096
2156 2364 7700
2383 2401 9698
2022 2255 1474
2081 2291 6606
2062 2089 7268
2193 2482 653
2128 2327 6319
2368 2487 6966
2058 2079 6364
2110 2175 2483
2060 2073 4026
2098 2170 1723
2256 2423 1088
2138 2232 7974
2174 2202 8535
2048 2164 8427
2373 2383 4838
2357 2398 742
2308 2490 4504
2250 2296 7516
2071 2148 4455
2138 2469 4896
2141 2387 4841
2284 2328 2384
2180 2423 8129
2312 2499 2069
2272 2499 2824
2074 2182 6905
2004 2391 8739
2038 2195 2272
2069 2481 7439
2175 2348 9356
2096 2116 28
2411 2464 5160
2351 2436 7591
2075 2180 6315
2071 2124 1669
2153 2371 1035
2192 2246 3287
2188 2247 598
2248 2428 5935
2438 2471 7084
2006 2062 6863
2285 2322 5854
2043 2113 3189
2033 2265 4797
2010 2221 5089
2310 2467 2830
2060 2161 7974
2166 2312 4174
2209 2284 9479
2103 2366 4123
2406 2467 7783
2286 2314 1784
2285 2298 2893
2258 2408 2623
2245 2255 2587
2213 2214 3614
2463 2483 5668
2062 2281 800
2099 2162 489
2006 2030 998
2347 2445 7139
2152 2313 6468
2321 2325 8669
2308 2488 8049
2083 2163 7808
2154 2192 311
2177 2376 4213
2324 2328 7148
2049 2239 7979
2041 2160 2610
2170 2351 5413
2068 2106 2343
2289 2420 8555
2392 2403 8930
2204 2287 1792
2179 2429 2209
2402 2452 2574
2255 2269 5546
2424 2498 7022
2339 2358 910
2335 2402 2207
2212 2253 3674
2100 2173 1094
2108 2173 6339
2101 2496 7114
2224 2433 6588
2033 2457 1917
2280 2327 9636
2448 2494 9231
2262 2352 4897
2219 2324 9366
2051 2459 8775
2044 2350 1014
2042 2172 7507
2252 2480 7697
2416 2430 5910
2069 2097 8076
2252 2422 4439
2387 2484 2243
2104 2326 5382
2082 2098 8710
2032 2326 705
2269 2296 4130
2167 2379 840
2052 2120 417
2006 2426 8363
2046 2386 5597
2112 2370 8561
2207 2358 9622
2082 2102 4858
2113 2306 3412
2413 2456 6275
2185 2280 77
2077 2494 9157
2086 2293 7302
2361 2364 869
2314 2418 2893
2201 2338 8756
2322 2389 5509
2173 2499 574
2078 2498 5576
2194 2481 7311
2022 2234 9176
2369 2452 2431
2212 2276 2315
2023 2320 2765
2093 2344 7658
2037 2120 8030
2033 2387 5212
2307 2338 3984
2383 2419 705
2385 2452 3695
2093 2258 1679
2334 2379 8050
2122 2442 6803
2048 2396 6765
2202 2382 8551
2244 2469 8445
2018 2224 4932
2064 2229 342
2404 2455 5637
2191 2274 7284
2398 2492 5631
2047 2277 4947
2377 2486 8725
2185 2450 7170
2428 2431 913
2090 2230 4723
2213 2269 228
2004 2314 3643
2047 2254 7365
2159 2396 3962
2123 2349 5054
2326 2345 8032
2297 2368 2129
2072 2228 8104
2051 2406 3978
2105 2137 6588
2198 2444 4707
2272 2409 2706
2245 2416 2431
2143 2404 3252
2184 2486 9783
2092 2334 2716
2180 2333 1925
2154 2381 9279
2123 2190 7641
2292 2462 1201
2104 2272 8638
2238 2354 4145
2057 2249 7998
2073 2497 9097
2313 2316 9515
2071 2168 9676
2274 2472 8675
2070 2293 660
2071 2199 5772
2101 2220 5314
2005 2115 2907
2184 2495 8053
2272 2466 4674
2238 2455 3346
2153 2488 7680
2145 2177 9738
2154 2193 7114
2012 2106 6799
2093 2356 7279
2323 2471 6792
2154 2442 6487
2093 2413 5253
2037 2105 5451
2155 2460 3027
2108 2208 9643
2370 2466 5864
2200 2321 5698
2150 2331 348
2223 2323 6160
2077 2195 3514
2221 2451 2691
2030 2460 2326
2280 2288 1544
2199 2238 330
2382 2495 9504
2182 2201 7589
2090 2466 32
2198 2224 2166
2404 2421 5170
2104 2213 6626
2090 2305 6637
2134 2204 9570
2024 2188 2164
2132 2231 8514
2017 2452 956
2146 2369 851
2351 2495 2628
2033 2274 4804
2114 2128 5791
2097 2233 1191
2008 2328 2450
2259 2348 5122
2153 2356 607
2301 2392 6318
2169 2424 6340
2321 2410 458
2359 2405 8215
2358 2382 9930
2137 2381 6080
2113 2400 5159
2083 2209 6916
2309 2448 8656
2007 2321 3069
2256 2308 3663
2358 2431 5448
2113 2449 4035
2029 2138 6783
2218 2461 5258
2178 2337 125
2109 2415 7021
2268 2310 5139
2254 2461 2775
2158 2266 9043
2093 2425 3649
2058 2270 6134
2034 2429 7036
2144 2341 1819
2048 2051 94
2365 2483 2504
2030 2317 6000
2166 2240 9502
2251 2369 2999
2102 2224 2381
2005 2012 763
2025 2134 6993
2290 2378 3081
2309 2415 6705
2158 2394 769
2177 2485 1575
2267 2406 723
2280 2296 8542
2009 2212 7998
2015 2143 8266
2042 2222 7799
2385 2451 4752
2352 2413 9553
2062 2497 4000
2382 2397 2692
2050 2097 429
2119 2203 6177
2058 2419 5906
2131 2323 1603
2282 2468 676
2288 2475 9627
2019 2337 1511
2173 2299 5713
2250 2422 2390
2256 2351 5240
2213 2460 5926
2007 2407 4330
2180 2277 8116
2231 2258 8755
2178 2306 8881
2203 2443 2914
2115 2170 5798
2097 2427 4614
2238 2354 4299
2053 2097 3165
2143 2305 7274
2357 2468 4260
2018 2253 695
2133 2330 9211
2220 2280 5698
2175 2195 2188
2157 2402 9553
2175 2355 7543
2278 2432 7607
2083 2381 6657
2137 2245 8245
2035 2383 6374
2179 2306 7741
2154 2476 2986
2280 2292 1403
2095 2483 7575
2188 2482 2901
2058 2225 4664
2270 2332 4837
2172 2246 969
2262 2442 3064
2182 2387 2917
2199 2329 5470
2117 2319 3370
2198 2482 7042
2129 2437 1589
2069 2158 882
2014 2488 8590
2262 2404 3966
2105 2329 1006
2139 2303 7753
2144 2229 2237
2265 2413 511
2363 2472 6118
2063 2212 6313
2233 2385 5106
2368 2453 8136
2010 2303 4374
2013 2422 6655
2047 2126 9285
2199 2336 2316
2341 2421 3236
2191 2257 1715
2275 2373 1305
2220 2298 8272
2198 2267 8766
2197 2353 9424
2263 2485 2163
2105 2197 2643
2074 2078 2894
2336 2443 6080
2033 2187 3993
2215 2394 3941
2067 2399 2073
2206 2283 8971
2089 2272 9605
2071 2384 2414
2122 2179 3441
2221 2416 1338
2182 2321 2731
2024 2291 1726
2121 2396 1386
2107 2359 6238
2206 2392 1100
2299 2382 7958
2175 2297 9778
2051 2092 3883
2148 2232 5421
2009 2055 7475
2158 2314 1038
2237 2484 1894
2069 2498 6121
2035 2408 1778
2384 2471 683
2106 2414 3146
2077 2127 1684
2319 2382 2947
2111 2145 5231
2050 2099 5814
2329 2428 3423
2391 2458 9838
2187 2433 673
2181 2222 9883
2093 2240 1935
2097 2442 6302
2189 2494 9393
2182 2315 1776
2287 2449 349
2364 2478 6610
2064 2068 3046
2064 2262 1289
2301 2394 8264
2432 2456 4958
2398 2440 4193
2210 2281 919
2100 2445 8125
2409 2461 7129
2183 2261 9769
2112 2422 4125
2143 2265 1469
2074 2307 9543
2268 2314 5207
2380 2437 8118
2253 2462 5295
2316 2417 5285
2193 2288 6461
2103 2363 1194
2320 2356 2600
2405 2499 4493
2056 2318 3670
2048 2264 1932
2220 2297 9267
2235 2470 8189
2127 2366 941
2142 2437 3793
2096 2368 2822
2235 2242 8962
2062 2075 530
2048 2079 7365
2020 2403 8656
2005 2460 9126
2055 2375 4482
2229 2258 1005
2361 2474 57
2146 2219 4282
2118 2489 9872
2400 2437 8383
2130 2242 2000
2160 2319 2311
2091 2200 9672
2036 2331 3727
2216 2432 1130
2109 2179 7295
2032 2160 3436
2374 2446 5428
2090 2366 8974
2074 2103 3148
2000 2314 5978
2280 2462 8094
2171 2203 3178
2394 2420 567
2086 2244 8402
2294 2373 3593
2066 2444 729
2093 2478 5087
2080 2366 6093
2028 2114 9145
2003 2462 6357
2032 2058 3078
2358 2473 9056
2165 2442 4648
2000 2049 251
2096 2110 1205
2106 2466 218
2251 2392 7645
2012 2277 4850
2026 2181 6102
2304 2382 9066
2320 2340 4270
2006 2236 1822
2178 2447 8453
2158 2387 7183
2011 2207 1695
2395 2405 5599
2312 2471 2194
2134 2302 4639
2107 2233 2350
2112 2441 6351
2016 2155 9086
2048 2495 8197
2050 2229 7134
2141 2308 7727
2001 2344 2745
2116 2254 5993
2067 2108 2031
2013 2091 6856
2007 2076 3481
2416 2450 9445
2070 2475 3288
2024 2329 5470
2081 2140 3542
2109 2349 8813
2019 2192 4063
2338 2369 5264
2012 2470 7004
2013 2481 4329
2073 2271 1138
2175 2250 9574
2084 2312 4001
2174 2309 1298
2298 2315 6790
2331 2366 6251
2181 2408 8527
2109 2204 3217
2244 2394 9278
2184 2401 7453
2184 2369 69
2211 2276 262
2201 2320 7978
2033 2171 2703
2238 2400 4462
2240 2336 705
2130 2273 4312
2108 2254 4514
2209 2336 2833
2110 2446 2086
2144 2432 5427
2270 2360 4192
2173 2415 6290
2129 2214 3608
2373 2409 9601
2141 2325 8175
2334 2338 7761
2020 2313 1817
2035 2090 1661
2156 2390 6986
2139 2181 5377
2220 2298 6823
2029 2162 4903
2009 2056 274
2379 2452 6737
2152 2358 577
2173 2201 1483
2405 2497 2631
2270 2374 1852
2067 2415 1754
2194 2236 9096
2092 2444 7520
2008 2330 407
2104 2363 9339
2044 2409 7820
2367 2491 4306
2325 2488 7040
2279 2363 2291
2124 2282 8274
2031 2239 2383
2207 2411 1448
2387 2435 3285
2075 2266 1516
2013 2312 6180
2176 2379 257
2495 2498 5387
2129 2468 1240
2099 2438 3512
2049 2231 4243
2069 2128 1846
2211 2327 6301
2094 2173 5410
2354 2416 9019
2240 2271 588
2246 2465 2984
2099 2492 6419
2385 2456 7931
2089 2303 9736
2232 2278 5200
2025 2156 9717
2408 2477 2285
2002 2180 3261
2007 2428 5682
2164 2198 6541
2446 2469 9923
2204 2374 1901
2076 2175 17
2288 2459 384
2126 2375 871
2111 2406 3515
2046 2136 3248
2180 2234 7198
2143 2490 3188
2220 2373 1219
2099 2391 8735
2015 2326 8678
2140 2496 627
2260 2429 9041
2166 2394 3467
2347 2464 9504
2372 2382 4398
2391 2405 3694
2112 2353 2583
2102 2396 791
2165 2454 3102
2352 2454 6056
2023 2333 7001
2187 2216 8064
2263 2455 6341
2211 2293 9162
2237 2295 2242
2037 2456 2486
2325 2431 7243
2078 2244 361
2033 2061 8110
2234 2378 5808
2010 2310 3198
2205 2279 5651
2152 2311 5035
2250 2422 789
2378 2402 7277
2078 2486 9052
2096 2273 3049
2138 2267 4278
2054 2302 6969
2033 2238 8801
2236 2332 3289
2198 2275 2988
2121 2499 3083
2247 2326 1904
2039 2167 4389
2131 2295 7745
2126 2449 4493
2196 2383 5232
2174 2467 212
2061 2118 4652
2200 2341 7946
2166 2375 2086
2354 2367 3943
2204 2495 5423
2027 2330 4994
2086 2458 1260
2005 2054 3309
2133 2324 3375
2204 2495 6456
2024 2443 1417
2282 2496 920
2347 2453 140
2133 2242 9496
2262 2387 3231
2085 2449 4165
2206 2242 1924
2225 2440 6977
2068 2199 6597
2035 2218 7144
2459 2460 9664
2267 2463 7226
2088 2365 3255
2229 2460 7042
2306 2461 1032
2142 2491 3777
2239 2408 5605
2287 2352 2771
2069 2379 501
2045 2119 1240
2048 2326 4441
2171 2350 4150
2070 2128 8941
2280 2315 3109
2214 2220 1651
2017 2369 9579
2119 2350 9617
2199 2281 7952
2037 2222 8295
2369 2458 9065
2213 2325 5453
2119 2263 4579
2155 2312 4451
2272 2397 5623
2068 2261 7676
2025 2057 2442
2164 2480 1939
2000 2400 1094
2067 2434 9456
2044 2083 2267
2007 2297 2209
2131 2430 8748
2142 2389 4960
2096 2416 8119
2371 2457 2803
2224 2304 4310
2056 2136 1691
2169 2173 9670
2089 2487 6326
2018 2327 8534
2206 2433 2912
2037 2436 6758
2068 2286 9686
2247 2264 9815
2342 2418 1495
2007 2028 682
2000 2224 8999
2102 2356 5007
2096 2379 9205
2039 2370 3598
2059 2090 3850
2046 2117 9354
2257 2493 1615
2034 2115 228
2262 2400 4346
2211 2218 6332
2023 2099 2790
2183 2322 2498
2009 2330 1914
2291 2487 6331
2137 2477 9
2305 2342 7394
2218 2414 9289
2076 2162 3201
2029 2249 7736
2021 2221 8372
2128 2272 6522
2033 2313 8184
2269 2335 2846
2279 2313 8532
2171 2242 3054
2160 2429 7117
2023 2094 9029
2208 2235 4521
2082 2430 6733
2339 2429 9815
2240 2354 9
2252 2428 9778
2128 2301 618
2205 2266 5676
2441 2444 163
2077 2353 1079
2016 2300 7771
2252 2410 4635
2097 2126 5669
2134 2177 4107
2108 2240 4851
2355 2477 9371
2278 2302 857
2042 2217 7978
2190 2226 9871
2188 2364 1031
2164 2282 7688
2238 2347 2348
2155 2342 8862
2242 2461 8944
2113 2483 1796
2316 2359 1993
2355 2378 6057
2021 2096 4546
2051 2479 4669
2047 2092 3985
2133 2449 1008
2112 2131 9169
2382 2402 58
2257 2342 9901
2212 2376 8362
2079 2474 2314
2025 2314 1800
2077 2296 6633
2336 2427 3947
2188 2203 8451
2109 2458 1734
2107 2221 6534
2129 2369 145
2254 2334 981
2243 2374 5721
2053 2259 8512
2269 2477 8895
2194 2253 1248
2113 2274 5378
2320 2387 136
2102 2453 9413
2014 2388 6544
2160 2475 9417
2471 2494 986
2028 2283 9831
2251 2268 8072
2001 2312 8154
2005 2061 9605
2048 2125 8072
2008 2398 4681
2334 2372 2244
2261 2393 7429
2152 2206 731
2051 2364 4958
2318 2377 2368
2201 2486 6357
2079 2193 8883
2262 2322 6643
2025 2092 5859
2117 2287 6567
2158 2159 7113
2151 2169 399
2143 2424 7794
2305 2484 3375
2364 2445 1359
2246 2357 5733
2116 2367 5326
2252 2474 8672
2271 2441 2454
2211 2245 423
2102 2387 2899
2155 2288 508
2032 2249 5193
2166 2181 4986
2246 2459 5627
2146 2271 7830
2126 2172 8855
2021 2094 5080
2343 2482 1034
2162 2360 1253
2138 2293 1421
2310 2333 6475
2042 2332 2874
2042 2067 3933
2095 2172 3856
2098 2399 6196
2003 2358 5745
2047 2215 608
2276 2419 8739
2154 2360 5262
2144 2345 4624
2190 2486 7487
2063 2124 340
2290 2485 7095
2124 2487 2063
2001 2237 828
2107 2272 3237
2196 2223 965
2085 2162 3455
2009 2352 9312
2064 2334 3477
2115 2302 1626
2125 2212 5334
2208 2302 4460
2407 2418 4562
2029 2370 1299
2001 2038 4019
2166 2204 3824
2320 2438 8026
2016 2352 7437
2369 2459 3828
2243 2253 4641
2265 2296 338
2018 2299 7156
2092 2177 5960
2000 2239 4940
2116 2278 8228
2302 2455 1797
2105 2186 3065
2140 2413 6822
2435 2491 7848
2088 2391 5576
2002 2190 2904
2360 2485 6173
2319 2477 9100
2249 2463 7163
2344 2458 1733
2141 2261 1738
2039 2372 7302
2178 2250 3458
2191 2361 7321
2239 2253 3814
2048 2201 119
2052 2401 2553
2370 2415 1317
2106 2260 1134
2350 2380 247
2016 2040 6416
2037 2208 2132
2185 2287 2764
2060 2351 2197
2439 2493 8134
2068 2237 5834
2074 2169 7822
2228 2254 6902
2181 2335 8425
2127 2170 2900
2016 2048 9855
2152 2295 7201
2273 2409 227
2361 2478 4453
2196 2377 2611
2235 2354 4477
2027 2330 7621
2198 2207 2825
2064 2466 9614
2000 2091 167
2154 2228 9571
2108 2435 7559
2186 2393 9266
2196 2245 8986
2113 2218 3282
2170 2179 9803
2440 2465 6045
2045 2289 5869
2390 2435 3846
2107 2126 8935
2250 2252 7526
2189 2458 5407
2329 2386 2577
2248 2449 6535
2092 2433 9184
2125 2296 3932
2244 2347 7347
2078 2145 5583
2038 2398 3381
2005 2352 260
2003 2281 2303
2126 2326 1122
2102 2452 3718
2069 2152 7043
2361 2447 4058
2072 2348 9633
2376 2465 4908
2058 2116 721
2220 2259 4286
2097 2161 1795
2053 2320 2760
2067 2102 1651
2209 2362 4117
2018 2222 5894
2009 2379 5072
2091 2336 1128
2163 2336 6500
2164 2494 5326
2058 2423 1609
2053 2100 3306
2168 2354 6867
2025 2407 2730
2259 2289 666
2165 2178 6672
2033 2036 7201
2212 2256 933
2428 2468 3133
2152 2429 623
2207 2285 7134
2105 2460 5613
2017 2140 61
2271 2303 2858
2108 2302 9810
2143 2367 51
2320 2482 4295
2058 2201 7401
2127 2396 1223
2029 2338 5297
2167 2414 1115
2073 2105 7398
2301 2409 399
2126 2399 6787
2066 2432 2307
2029 2478 5457
2320 2425 1876
2032 2390 4874
2071 2327 6705
2225 2366 6593
2068 2289 3755
2306 2479 6366
2232 2407 171
2315 2459 2412
2086 2207 2850
2312 2338 110
2153 2171 185
2256 2366 4482
2023 2073 8406
2289 2427 3197
2423 2499 8687
2101 2185 8100
2278 2407 2951
2041 2152 4543
2128 2284 4883
2070 2258 7009
2061 2121 7249
2244 2277 1558
2087 2154 7101
2009 2185 3929
2099 2407 9455
2433 2459 9433
2275 2372 3710
2065 2485 9747
2282 2380 5015
2048 2205 777
2213 2349 7904
2315 2458 2028
2089 2359 7510
2303 2379 8389
2127 2395 8260
2157 2220 7872
2140 2226 5486
2347 2479 8343
2018 2053 8181
2135 2191 8506
2004 2008 2711
2003 2471 8914
2192 2210 4676
2119 2377 8859
2113 2228 2723
2463 2485 1020
2312 2360 6625
2068 2424 1661
2177 2351 4388
2164 2475 9437
2104 2354 8717
2264 2473 1409
2225 2289 6272
2221 2269 8620
2366 2440 7508
2230 2370 1022
2203 2480 4856
2116 2122 9638
2273 2386 5039
2335 2418 8048
2214 2392 1051
2253 2442 7929
2243 2345 2392
2158 2196 2822
2069 2387 4206
2333 2357 676
2108 2369 5573
2017 2281 94
2028 2490 7775
2200 2460 6892
2188 2390 7756
2168 2431 166
2021 2061 554
2025 2139 8040
2048 2221 893
2287 2328 4120
2002 2029 8066
2022 2282 3951
2099 2230 5318
2064 2332 4543
2107 2153 9951
2014 2245 5941
2085 2297 3991
2025 2289 5918
2126 2224 1420
2333 2481 7257
2407 2464 293
2148 2263 9613
2439 2477 504
2219 2416 4789
2249 2378 8927
2284 2379 3277
2452 2492 3336
2186 2395 5817
2319 2425 396
2199 2380 5657
2401 2466 1341
2075 2321 8901
2124 2446 6984
2103 2451 9098
2108 2284 6526
2079 2494 9594
2066 2468 4017
2054 2235 5349
2150 2379 2419
2006 2281 7592
2172 2222 1521
2077 2294 8488
2336 2369 2458
2134 2177 8205
2361 2439 1465
2206 2310 9297
2246 2319 1132
2035 2324 8840
2033 2238 1483
2098 2437 548
2315 2348 5418
2253 2424 6895
2043 2227 5882
2083 2143 2095
2205 2320 8509
2097 2409 2803
2252 2308 2178
2212 2290 4176
2168 2288 283
2352 2430 4147
2017 2364 4663
2209 2383 8720
2269 2422 5597
2199 2214 2609
2099 2491 7868
2349 2410 3277
2104 2145 1894
2050 2294 7018
2154 2467 9655
2261 2273 5200
2126 2480 4192
2119 2244 7842
2066 2099 4523
2058 2354 9441
2172 2255 883
2067 2339 602
2045 2412 7017
2023 2154 9342
2122 2178 4573
2120 2248 8300
2019 2410 4906
2036 2322 5200
2375 2493 504
2041 2382 5337
2164 2183 667
2231 2344 5164
2133 2433 8173
2015 2331 2019
2172 2248 403
2162 2259 6543
2320 2369 9134
2399 2468 2039
2349 2449 7128
2271 2384 8795
2068 2096 1290
2130 2359 5707
2065 2315 3694
2150 2421 5929
2361 2455 1517
2018 2116 7629
2134 2310 6197
2278 2288 7858
2097 2244 6214
2282 2333 5975
2181 2242 2847
2272 2286 1621
2089 2135 5810
2161 2392 9276
2156 2420 4309
2050 2378 652
2423 2436 7264
2082 2300 954
2036 2325 9077
2176 2261 6437
2121 2473 4871
2110 2310 7910
2156 2337 5184
2159 2388 3239
2165 2419 7538
2241 2351 7767
2318 2341 616
2333 2435 8051
2270 2363 753
2064 2389 9299
2114 2391 7444
2228 2236 6012
2227 2270 2981
2323 2495 9271
2067 2355 5515
2077 2149 1227
2086 2100 8773
2182 2278 9741
2360 2392 2303
2258 2280 1481
2011 2099 1579
2058 2304 7409
2400 2446 7677
2212 2394 7610
2099 2336 5825
2146 2192 29
2007 2111 6752
2159 2344 64
2068 2156 5456
2245 2296 4412
2042 2369 6240
2269 2281 3085
2397 2434 3615
2114 2122 9485
2266 2422 4683
2062 2456 1048
2139 2338 6126
2064 2468 7978
2104 2474 1592
2004 2029 5719
2041 2400 3437
2201 2426 3492
2124 2223 7346
2116 2248 9337
2232 2455 7370
2031 2189 5759
2115 2303 2746
2174 2283 388
2237 2439 8481
2191 2330 6139
2232 2324 2053
2062 2307 4902
2036 2393 970
2132 2276 9770
2233 2284 5471
2319 2358 5856
2186 2211 9302
2048 2093 3088
2155 2326 616
2070 2084 5170
2084 2255 5678
2221 2259 56
2028 2179 9740
2351 2428 4442
2065 2389 532
2135 2320 59
2096 2316 1897
2013 2095 5382
2076 2362 2770
2134 2455 4816
2122 2217 2930
2239 2395 3883
2260 2348 8705
2106 2225 4916
2168 2345 1063
2189 2318 2461
2089 2400 8457
2103 2147 6141
2283 2314 1726
2164 2482 4443
2219 2262 4161
2167 2393 6654
2029 2256 4541
2094 2452 8285
2120 2253 6597
2377 2491 2166
2085 2173 7966
2107 2432 4400
2169 2244 6088
2003 2301 1008
2263 2378 1073
2465 2488 5326
2074 2097 5554
2119 2332 44
2232 2495 9272
2135 2367 9330
2248 2381 4441
2129 2333 3819
2214 2358 8395
2008 2096 6191
2055 2217 9301
2122 2293 1598
2207 2403 6890
2162 2369 1499
2018 2121 5492
2178 2261 527
2119 2266 2621
2127 2306 5517
2072 2370 309
2091 2387 9775
2025 2152 1938
2241 2422 619
2294 2396 1580
2145 2302 1421
2215 2287 2871
2287 2406 3180
2421 2477 1609
2200 2246 9675
2078 2108 7600
2119 2249 1881
2067 2337 9644
2026 2488 3814
2039 2222 9061
2396 2436 9645
2041 2497 2779
2190 2428 8394
2083 2479 2960
2254 2362 5091
2298 2348 4496
2179 2415 8249
2064 2283 9856
2367 2424 6085
2441 2479 8654
2111 2328 5504
2108 2183 5675
2008 2289 9161
2332 2472 8227
2138 2313 5367
2177 2184 8032
2422 2477 805
2306 2369 6351
2140 2388 4552
2088 2498 767
2082 2433 7831
2258 2329 5615
2036 2128 3701
2148 2276 4066
2378 2498 1496
2189 2340 1516
2142 2283 1764
2056 2153 8948
2215 2426 581
2150 2352 1249
2176 2383 4046
2096 2271 9668
2460 2466 5064
2231 2403 3465
2432 2472 5223
2290 2456 3894
2091 2287 1641
2030 2334 8251
2039 2054 1304
2167 2269 4595
2233 2275 1849
2045 2374 9436
2111 2156 8745
2400 2499 9019
2080 2470 5153
2350 2421 6095
2302 2466 1931
2123 2198 981
2004 2009 2127
2061 2456 9219
2052 2152 3502
2450 2458 5267
2336 2349 6697
2010 2427 3008
2048 2243 7653
2141 2350 9103
2082 2178 4639
2366 2471 847
2321 2480 4759
2226 2395 3183
2340 2447 5124
2036 2288 5426
2099 2444 3975
2136 2400 4413
2015 2091 9683
2031 2154 880
2338 2454 8929
2104 2200 7251
2017 2204 7975
2168 2267 9484
2100 2324 6325
2172 2356 2861
2067 2497 1629
2078 2370 3454
2226 2270 3063
2020 2412 2321
2068 2456 270
2283 2434 7022
2371 2435 2539
2182 2208 4094
2056 2402 8930
2140 2381 8762
2061 2222 3086
2247 2425 6312
2245 2426 9676
2096 2466 1179
2296 2430 2648
2359 2490 4080
2017 2437 7566
2370 2400 6539
2129 2386 8085
2288 2408 7389
2109 2414 3114
2182 2276 7788
2423 2459 30
2209 2237 3035
2297 2490 494
2063 2150 474
2113 2484 9186
2110 2275 1925
2185 2420 5729
2206 2292 3990
2079 2261 9628
2049 2228 9238
2116 2478 9454
2208 2477 3362
2368 2371 7603
2141 2414 9022
2370 2446 1108
2385 2391 5870
2411 2479 724
2264 2289 6133
2134 2320 5860
2150 2348 7593
2191 2264 4611
2126 2497 9756
2350 2426 67
2156 2413 5083
2020 2056 2277
2425 2441 47
2153 2396 6804
2214 2412 7690
2057 2367 5421
2308 2474 9447
2022 2220 8564
2024 2456 8569
2369 2492 1718
2144 2366 2494
2019 2344 7338
2218 2355 9795
2398 2434 4620
2074 2294 2469
2162 2488 9939
2166 2493 927
2329 2376 7968
2116 2185 1419
2093 2274 3732
2161 2385 1046
2371 2424 1077
2051 2112 5460
2371 2376 2863
2086 2440 6454
2156 2173 3229
2348 2475 7725
2180 2196 4037
2476 2491 4935
2180 2230 4350
2144 2204 3032
2079 2340 3250
2297 2332 4645
2009 2015 9552
2095 2135 2774
2316 2352 3715
2148 2448 2652
2108 2313 5962
2235 2483 1071
2068 2258 1314
2029 2139 9394
2103 2106 3762
2125 2438 4405
2056 2368 3891
2087 2467 8332
2255 2353 3894
2056 2150 9129
2043 2419 8832
2031 2176 5761
2114 2433 7816
2167 2404 5632
2200 2279 6804
2387 2423 288
2277 2332 5898
2002 2089 6913
2166 2197 539
2087 2120 4851
2299 2459 2821
2075 2481 2511
2156 2368 24
2324 2373 9912
2221 2260 6225
2072 2418 1298
2041 2424 3287
2136 2364 6441
2219 2467 7700
2024 2467 8847
2054 2057 6588
2151 2438 289
2021 2282 3260
2314 2427 3237
2184 2230 220
2008 2256 1339
2165 2295 8467
2155 2329 1099
2033 2176 2390
2036 2350 212
2130 2433 8295
2348 2365 3345
2080 2380 5581
2238 2394 9878
2182 2207 3711
2239 2322 6018
2008 2446 6987
2153 2483 2769
2072 2353 8065
2323 2444 2968
2224 2368 9078
2387 2485 3770
2203 2251 41
2205 2223 8123
2289 2481 8765
2130 2229 247
2177 2338 5493
2029 2476 3119
2039 2415 7329
2346 2457 9038
2154 2159 929
2162 2287 9073
2215 2431 6482
2189 2456 4406
2132 2407 8723
2008 2217 5681
2337 2342 530
2288 2485 5195
2021 2147 5776
2188 2460 3070
2015 2154 1860
2163 2223 6370
2120 2369 9197
2145 2193 5702
2133 2483 2287
2131 2320 2461
2101 2335 2867
2037 2255 7784
2134 2454 3325
2061 2199 668
2116 2255 764
2255 2370 2498
2136 2372 9299
2029 2487 4792
2401 2433 802
2302 2334 7101
2175 2246 8582
2147 2164 4088
2118 2170 2401
2114 2494 5727
2252 2322 7214
2157 2374 228
2209 2284 9788
2108 2348 7870
2107 2243 6872
2077 2197 7254
2336 2422 2589
2294 2302 4349
2062 2083 7949
2363 2453 5489
2073 2291 982
2261 2304 2711
2287 2386 1688
2268 2344 1165
2019 2142 1041
2120 2452 6612
2320 2424 1886
2224 2319 5251
2056 2363 6514
2043 2115 8530
2246 2428 1636
2030 2368 7791
2175 2272 1481
2225 2420 4808
2031 2112 8720
2041 2318 8727
2223 2431 7337
2164 2479 195
2151 2344 5190
2179 2280 7720
2102 2306 6138
2124 2410 4266
2249 2379 5590
2001 2142 7857
2147 2280 5391
2315 2355 5905
2094 2115 3357
2038 2212 9392
2186 2321 7056
2213 2307 8782
2269 2340 1359
2057 2436 259
2329 2396 6300
2288 2364 3913
2184 2369 7898
2058 2327 155
2307 2415 649
2001 2276 3608
2021 2134 1921
2109 2202 9943
2085 2115 6520
2058 2213 7527
2143 2452 7744
2153 2238 8291
2130 2486 2817
2246 2357 8446
2183 2342 9696
2432 2442 6162
2119 2218 8899
2185 2225 1463
2056 2106 598
2035 2185 2618
2096 2490 9115
2150 2187 7537
2137 2328 3032
2032 2161 1509
2258 2481 9575
2175 2375 3502
2001 2454 7793
2259 2378 5369
2312 2378 4389
2249 2305 8368
2117 2224 8844
2018 2462 1818
2117 2405 5687
2293 2373 4833
2141 2175 9834
2071 2373 4199
2353 2477 5825
2023 2180 4086
2003 2318 7416
2150 2244 611
2018 2184 5094
2321 2412 7924
2093 2372 6013
2233 2371 6616
2222 2350 6074
2267 2398 992
2033 2409 7583
2238 2337 8301
2162 2377 8055
2363 2430 4285
2102 2287 2892
2031 2216 576
2398 2424 4354
2151 2378 4768
2293 2411 3506
2434 2439 4800
2195 2468 6749
2106 2214 7336
2314 2473 5020
2193 2422 2331
2306 2324 6828
2291 2317 7222
2385 2462 1801
2027 2048 3820
2224 2238 1463
2051 2077 689
2009 2428 5479
2021 2097 7185
2237 2297 1409
2246 2283 5379
2045 2083 4216
2026 2449 2908
2088 2376 7216
2370 2471 1255
2027 2250 7340
2014 2330 5162
2234 2398 7023
2142 2303 8934
2028 2177 7999
2106 2369 6484
2014 2402 5586
2315 2470 9757
2055 2431 5017
2207 2218 630
2023 2180 134
2206 2430 7465
2035 2403 4354
2051 2224 440
2144 2190 1213
2109 2335 8221
2279 2285 6829
2175 2303 7336
2147 2285 1667
2333 2474 3019
2310 2358 5478
2243 2411 3631
2071 2382 3727
2072 2484 2200
2134 2162 7904
2154 2459 9504
2136 2190 8866
2080 2151 9306
2065 2428 7686
2151 2181 7254
2181 2227 5062
2270 2354 9754
2144 2318 405
2173 2197 5138
2315 2325 5343
2279 2492 2539
2395 2433 84
2055 2140 2122
2075 2318 4517
2041 2080 8651
2130 2237 5540
2025 2099 3880
2026 2203 9117
2433 2452 8635
2187 2353 1447
2030 2386 1763
2258 2478 8698
2191 2382 5587
2330 2362 6169
2301 2307 5866
2065 2456 3433
2055 2164 8194
2260 2277 4527
2071 2316 4495
2054 2340 7426
2048 2193 7378
2062 2388 1687
2020 2165 7950
2217 2486 6540
2217 2333 8643
2128 2234 948
2091 2443 9802
2208 2236 8742
2122 2488 5644
2014 2260 200
2061 2234 1895
2151 2432 1693
2384 2387 6433
2205 2435 6346
2354 2374 6451
2261 2324 3980
2114 2275 9913
2036 2245 7618
2201 2305 1623
2005 2178 1130
2197 2217 6259
2128 2498 8008
2296 2357 371
2054 2242 9737
2033 2359 6761
2097 2224 1444
2183 2340 7696
2230 2396 1159
2159 2435 6687
2474 2494 8108
2019 2238 683
2248 2459 5197
2295 2428 7958
2387 2463 4517
2029 2032 4529
2067 2481 3373
2173 2232 4907
2036 2444 1330
2199 2494 1972
2181 2328 437
2048 2153 4056
2419 2444 5808
2209 2498 7531
2429 2480 4616
2095 2390 9843
2049 2194 3753
2271 2346 9479
2173 2207 5127
2135 2147 1477
2145 2158 9916
2049 2419 8004
2046 2488 1825
2141 2335 2591
2042 2151 2937
2182 2324 7037
2057 2394 7980
2145 2283 7401
2465 2494 2191
2157 2404 7590
2136 2242 6407
2074 2310 5388
2063 2079 4644
2099 2371 501
2103 2236 7180
2167 2480 8852
2028 2203 1202
2278 2371 27
2237 2423 5257
2232 2416 4582
2225 2368 5011
2140 2161 1833
2152 2217 616
2271 2345 9060
2220 2233 1556
2039 2371 7303
2308 2425 3141
2130 2237 6613
2047 2065 4426
2076 2088 3159
2098 2398 1972
2316 2375 6493
2240 2328 9145
2163 2289 1605
2368 2485 7594
2061 2371 7703
2111 2303 6593
2118 2183 4693
2008 2217 6947
2173 2230 2485
2135 2432 7941
2038 2199 9728
2098 2350 345
2087 2225 6352
2114 2162 5212
2059 2344 2929
2115 2289 4275
2263 2404 9842
2336 2406 7687
2003 2278 9920
2091 2477 6259
2091 2358 2475
2010 2428 7183
2026 2140 4019
2253 2275 3914
2473 2499 5577
2116 2370 6997
2135 2232 3872
2008 2256 9506
2081 2217 8752
2151 2303 9778
2401 2459 3276
2001 2050 241
2011 2229 9062
2041 2344 5165
2209 2252 6453
2054 2317 3501
2051 2124 2688
2013 2121 2086
2075 2140 1037
2197 2229 4990
2032 2074 554
2016 2326 4399
2181 2247 3311
2353 2374 3086
2070 2194 1472
2184 2230 2464
2291 2398 4865
2143 2342 962
2256 2399 2786
2396 2452 8104
2090 2266 6527
2301 2304 9440
2077 2478 299
2122 2475 1744
2032 2433 4788
2173 2412 262
2132 2451 696
2054 2420 5152
2300 2369 6477
2116 2139 294
2101 2249 7116
2316 2433 66
2095 2390 2552
2199 2232 804
2074 2328 7044
2003 2437 1059
2199 2299 5112
2087 2377 6607
2314 2342 6117
2163 2221 9187
2063 2129 5924
2331 2466 4029
2308 2371 7050
2246 2493 4659
2139 2256 6107
2021 2202 2587
2116 2320 9292
2004 2297 4620
2047 2058 647
2176 2202 1305
2231 2317 5007
2186 2271 6766
2013 2286 302
2131 2385 6317
2215 2313 9176
2122 2471 8840
2334 2456 6644
2128 2311 9161
2351 2437 1141
2265 2397 3340
2082 2390 2843
2107 2341 7152
2186 2328 7576
2018 2034 8393
2027 2312 323
2222 2365 7401
2143 2179 986
2322 2497 7171
2408 2479 587
2018 2153 6680
2089 2237 397
2298 2495 1061
2120 2127 1932
2234 2372 1352
2136 2438 1677
2156 2222 7863
2106 2144 9429
2081 2129 8657
2266 2402 5678
2194 2200 748
2421 2447 2042
2076 2109 7547
2003 2063 7840
2129 2496 4825
2016 2130 7911
2262 2385 6941
2372 2373 374
2344 2451 5948
2116 2345 8956
2192 2239 8928
2155 2363 5243
2292 2305 5466
2188 2454 661
2093 2197 7014
2406 2412 3297
2189 2271 4979
2002 2441 1912
2387 2456 7430
2069 2418 5538
2099 2424 4037
2300 2492 7758
2025 2409 2180
2097 2322 9233
2175 2372 6491
2056 2141 8741
2293 2296 1643
2406 2493 1679
2000 2179 4757
2247 2268 7725
2264 2373 6612
2038 2195 3969
2070 2491 4421
2281 2458 7735
2058 2123 2701
2112 2119 1243
2100 2253 5486
2061 2065 1424
2306 2437 8368
2240 2299 8894
2040 2160 8763
2110 2293 7377
2046 2063 5553
2041 2355 3158
2018 2138 6635
2056 2062 3479
2374 2470 4927
2382 2387 8633
2083 2497 8132
2406 2433 7020
2284 2425 8030
2219 2415 7920
2270 2365 5419
2194 2432 7305
2063 2404 8729
2439 2475 5595
2094 2256 2358
2361 2487 9878
2277 2485 9612
2070 2338 2468
2153 2172 6409
2075 2210 9856
2082 2370 8238
2145 2276 7820
2056 2414 3132
2105 2326 4192
2113 2319 4411
2015 2028 7068
2063 2440 3079
2076 2282 2954
2265 2498 6327
2006 2020 8606
2197 2429 985
2093 2313 8634
2286 2348 4459
2264 2470 6131
2182 2318 3389
2165 2440 7950
2082 2391 4809
2016 2043 7792
2007 2221 9673
2152 2219 6220
2066 2213 2001
2301 2463 8233
2181 2479 9134
2216 2455 4149
2307 2477 4939
2195 2346 9838
2088 2471 162
2242 2291 5904
2191 2403 6174
2189 2257 2402
2107 2272 2318
2060 2286 5697
2039 2264 7444
2182 2450 1147
2102 2124 8119
2030 2409 1908
2298 2379 5805
2448 2492 3933
2140 2491 2934
2310 2320 360
2185 2460 1450
2173 2196 5832
2128 2447 1541
2103 2457 4508
2235 2315 9720
2043 2383 5207
2292 2401 8763
2033 2335 2205
2015 2253 9269
2178 2341 8352
2122 2463 6274
2448 2461 7831
2151 2422 4703
2083 2184 6082
2230 2312 6562
2088 2372 4519
2032 2404 2164
2172 2266 5047
2312 2380 632
2161 2374 4342
2258 2323 1703
2147 2460 5786
2320 2346 4382
2144 2376 4564
2339 2381 2835
2242 2411 7050
2043 2083 7639
2218 2464 6402
2016 2319 9340
2140 2289 1499
2007 2259 1368
2404 2427 2490
2256 2271 111
2203 2416 3289
2209 2469 816
2028 2485 2377
2446 2454 5986
2268 2450 5355
2294 2407 9794
2142 2380 9757
2274 2472 6127
2179 2326 6589
2130 2152 1177
2104 2263 9332
2010 2122 2989
2182 2358 8971
2079 2272 6348
2108 2496 8313
2017 2248 5602
2246 2451 3404
2370 2393 7813
2354 2403 2422
2065 2232 5181
2148 2226 1194
2056 2303 574
2040 2223 2187
2237 2368 3235
2173 2192 2376
2183 2258 6842
2094 2379 9004
2274 2412 8045
2158 2333 2758
2214 2466 2313
2048 2165 5762
2216 2475 4834
2196 2229 5955
2291 2446 9801
2049 2062 4000
2196 2265 7537
2288 2450 6633
2090 2212 4325
2322 2362 3524
2109 2484 8180
2099 2385 4563
2022 2097 1138
2045 2499 3929
2206 2221 3379
2244 2495 2951
2062 2249 8456
2288 2342 5089
2236 2450 5293
2093 2099 6340
2082 2100 6032
2257 2425 5675
2206 2452 4043
2153 2233 3397
2023 2199 5806
2059 2085 8745
2349 2456 1788
2142 2155 9622
2162 2369 1802
2023 2148 5335
2110 2438 8552
2045 2354 4160
2066 2367 8590
2291 2406 3023
2180 2183 3619
2258 2315 6890
2210 2436 4602
2286 2430 5049
2325 2390 9176
2264 2275 2570
2250 2291 8197
2046 2079 2233
2066 2397 8941
2198 2308 3390
2209 2489 9317
2016 2067 5940
2185 2214 5098
2265 2469 3627
2190 2274 135
2138 2204 1402
2049 2288 1052
2140 2477 3712
2015 2400 7658
2007 2403 4451
2192 2297 395
2074 2241 1126
2121 2482 2950
2013 2416 7403
2398 2468 5445
2247 2391 9939
2120 2216 5717
2090 2348 1320
2050 2140 4218
2326 2455 5315
2005 2415 3947
2208 2313 3190
2156 2233 9319
2004 2294 2985
2091 2421 6081
2087 2429 9979
2139 2440 7795
2067 2370 9055
2004 2077 1083
2149 2360 3776
2320 2393 5067
2138 2490 2215
2167 2268 1282
2237 2355 5228
2064 2406 2719
2036 2322 8900
2470 2491 1730
2031 2484 5265
2324 2405 4644
2205 2339 4957
2078 2333 2747
2023 2469 9368
2000 2268 5118
2330 2380 3973
2015 2104 1428
2123 2336 9293
2103 2236 7904
2021 2349 9583
2151 2247 8972
2281 2476 5660
2200 2238 1433
2003 2366 5133
2043 2384 6309
2284 2386 9125
2335 2473 4172
2065 2307 7081
2128 2169 8969
2077 2261 2913
2325 2384 9418
2274 2430 4279
2071 2353 1758
2229 2384 8974
2248 2289 861
2019 2263 5620
2206 2470 3013
2093 2210 3830
2402 2439 2156
2180 2352 7070
2122 2257 7664
2249 2357 7542
2102 2287 7019
2104 2145 2264
2249 2310 8133
2269 2320 1936
2035 2313 7927
2021 2190 9023
2186 2240 916
2386 2414 5527
2106 2301 9379
2323 2378 4643
2071 2336 1171
2311 2327 4818
2158 2305 2796
2055 2331 6596
2216 2245 8386
2158 2487 4225
2186 2428 5947
2167 2416 7977
2189 2424 3302
2153 2460 8401
2024 2449 3715
2170 2285 7236
2252 2349 7344
2435 2438 9203
2030 2401 7904
2097 2274 2158
2282 2479 3374
2184 2302 4113
2008 2201 2192
2042 2343 471
2051 2354 3539
2326 2436 56
2060 2287 1279
2058 2306 1857
2321 2367 8470
2065 2224 511
2186 2262 4869
2043 2206 5619
2150 2369 1382
2081 2100 8615
2094 2285 5743
2170 2248 7396
2332 2476 1040
2317 2489 35
2186 2331 6884
2121 2153 1447
2132 2268 2348
2312 2414 4277
2027 2052 5230
2096 2474 2125
2323 2364 6354
2179 2212 8684
2348 2403 2223
2309 2318 5073
2002 2370 7751
2038 2332 4095
2247 2278 1479
2137 2326 774
2248 2259 196
2290 2393 9294
2195 2437 5921
2017 2146 1429
2183 2269 1477
2094 2434 2220
2032 2381 7339
2383 2476 7370
2333 2427 7738
2190 2326 8413
2436 2498 75
2010 2036 2353
2024 2154 7872
2105 2188 6868
2329 2405 5924
2082 2386 7345
2161 2479 8030
2120 2335 4003
2017 2214 2995
2205 2438 5672
2253 2255 9987
2240 2321 8227
2338 2496 4199
2034 2044 1237
2307 2448 5359
2249 2401 389
2009 2392 8560
2222 2435 3669
2227 2349 5800
2195 2346 7337
2185 2344 3305
2306 2475 2240
2026 2421 5944
2017 2208 6011
2021 2082 9464
2238 2476 1595
2003 2397 9732
2240 2365 7540
2305 2326 7355
2267 2270 3628
2083 2303 8648
2257 2382 2107
2092 2443 1442
2346 2417 5608
2135 2218 4287
2140 2354 2802
2388 2494 9543
2096 2480 7760
2086 2106 3235
2054 2219 8893
2211 2335 6277
2189 2476 9354
2008 2312 366
2130 2464 8374
2076 2374 3983
2168 2391 5564
2168 2246 8974
2109 2231 2320
2367 2497 4249
2221 2341 7966
2025 2277 2415
2250 2498 8969
2169 2368 1706
2235 2440 9362
2309 2360 5151
2197 2395 5006
2130 2176 296
2003 2349 7558
2152 2277 7252
2135 2253 1678
2060 2137 9219
2121 2293 304
2081 2147 5488
2284 2406 4321
2228 2411 9477
2133 2408 2454
2005 2139 4495
2020 2191 3234
2058 2354 8424
2192 2481 5201
2178 2222 3110
2038 2121 1309
2043 2367 2385
2016 2402 305
2354 2470 1449
2341 2479 2580
2337 2483 8370
2213 2476 1441
2009 2100 9575
2317 2334 3712
2109 2251 172
2141 2377 3527
2015 2222 6117
2055 2495 9704
2130 2428 5335
2286 2355 6021
2353 2474 3594
2198 2435 1922
2262 2498 7832
2008 2219 3948
2019 2234 4215
2188 2218 7444
2070 2358 2681
2236 2399 9717
2098 2296 3072
2005 2300 2290
2019 2400 3115
2087 2111 1883
2225 2392 2971
2102 2342 2429
2413 2472 1530
2052 2347 929
2010 2340 8895
2090 2098 3734
2044 2355 1362
2363 2450 2293
2052 2172 5830
2117 2488 8421
2021 2461 3219
2058 2460 690
2425 2491 1196
2017 2326 6543
2048 2361 3588
2014 2456 4475
2313 2481 8037
2257 2260 5245
2413 2473 6224
2008 2197 6013
2384 2421 8367
2272 2393 7493
2276 2441 4243
2003 2082 6933
2036 2089 7549
2174 2398 3189
2003 2499 6223
2321 2351 1999
2037 2450 3171
2063 2328 6757
2012 2293 4331
2369 2418 9673
2019 2052 6533
2427 2471 2647
2046 2149 5384
2184 2496 4483
2266 2391 5885
2110 2258 4773
2175 2308 1257
2380 2424 9796
2179 2365 2175
2260 2463 2054
2436 2483 5325
2018 2184 9598
2141 2459 9595
2241 2330 4409
2004 2200 5416
2166 2365 9864
2123 2370 1808
2035 2269 1125
2314 2371 1581
2117 2184 9961
2152 2311 809
2018 2186 2759
2190 2437 5920
2022 2269 2121
2013 2294 7585
2301 2374 2059
2262 2381 4957
2255 2488 3289
2273 2442 4090
2023 2071 8153
2240 2455 2360
2069 2127 1439
2283 2444 1762
2007 2155 4963
2322 2334 2826
2332 2423 1771
2315 2455 5795
2209 2463 8591
2249 2471 2496
2346 2391 6392
2185 2286 6984
2146 2229 7078
2141 2247 4578
2202 2292 2962
2133 2484 7024
2220 2315 6515
2092 2139 4904
2411 2450 1739
2210 2459 7156
2113 2214 1674
2074 2487 774
2477 2481 4481
2316 2439 6894
2253 2391 8401
2010 2198 2205
2405 2490 7265
2067 2207 7505
2358 2473 9910
2247 2347 8810
2061 2440 8393
2122 2154 3577
2163 2275 1832
2138 2150 7030
2244 2308 4370
2017 2250 1148
2109 2295 7116
2048 2373 8352
2143 2449 1892
2323 2324 2764
2017 2106 4849
2171 2175 8365
2037 2384 2369
2316 2385 6214
2178 2390 5155
2418 2455 921
2194 2415 4989
2380 2441 5103
2172 2211 2293
2109 2231 3233
2424 2495 4962
2178 2390 982
2200 2424 7530
2365 2388 8167
2363 2436 2712
2015 2190 5992
2337 2417 5639
2292 2340 7252
2130 2478 5824
2090 2189 5259
2010 2484 674
2065 2452 1616
2064 2354 8958
2073 2352 8984
2138 2413 2103
2056 2477 8153
2374 2465 3012
2025 2074 6352
2321 2357 8973
2332 2436 3663
2069 2459 2448
2153 2228 5022
2014 2475 9417
2324 2365 874
2129 2272 564
2050 2134 6224
2222 2441 7790
2242 2365 2535
2122 2125 269
2119 2193 1383
2186 2485 5233
2139 2202 2094
2221 2275 4559
2312 2355 2519
2258 2333 3858
2068 2104 756
2376 2386 8040
2248 2281 1330
2162 2168 3477
2243 2489 15
2346 2360 5071
2214 2341 7819
2295 2444 9165
2316 2400 9453
2089 2414 2747
2282 2291 3956
2159 2356 7498
2170 2175 3940
2046 2237 9680
2004 2308 6667
2118 2173 2265
2077 2225 2610
2001 2208 344
2310 2470 8103
2072 2129 8850
2025 2183 2017
2057 2157 9373
2327 2407 4297
2152 2470 3546
2314 2455 6367
2257 2386 2089
2197 2335 2984
2074 2367 4051
2159 2182 8746
2094 2455 7831
2223 2242 2597
2140 2494 7101
2061 2073 5692
2122 2386 7308
2063 2205 854
2400 2484 5791
2460 2485 151
2247 2375 1557
2041 2353 4227
2006 2247 6962
2230 2337 6212
2416 2426 4472
2293 2322 1770
2356 2382 8527
2229 2288 2181
2045 2476 2765
2201 2361 1514
2038 2086 862
2131 2403 7231
2125 2258 5066
2040 2266 5562
2337 2411 8218
2040 2227 1714
2343 2412 5259
2045 2383 6203
2044 2456 2606
2081 2446 1650
2179 2339 635
2076 2156 3765
2198 2207 7206
2124 2305 3340
2031 2260 1335
2094 2304 8883
2200 2231 1958
2045 2390 5910
2076 2173 9112
2089 2378 3408
2089 2432 5883
2149 2356 6944
2313 2485 4973
2102 2273 1160
2066 2245 1888
2183 2391 2902
2129 2495 5873
2209 2273 2101
2053 2435 182
2166 2467 2301
2132 2235 1153
2018 2092 1615
2185 2281 8564
2141 2256 6665
2062 2419 5087
2206 2302 9935
2261 2307 284
2010 2466 5469
2212 2452 6578
2163 2320 9457
2280 2435 2313
2374 2491 5080
2353 2473 7799
2162 2187 4734
2308 2470 9700
2240 2253 1992
2031 2286 6023
2251 2323 1338
2298 2333 4848
2058 2279 5072
2408 2438 8560
2106 2348 3470
2060 2374 5517
2102 2205 8601
2300 2439 1719
2020 2432 614
2069 2235 3881
2448 2489 2288
2411 2499 3040
2283 2476 6628
2104 2494 3893
2114 2318 4229
2452 2492 7540
2235 2318 6759
2087 2165 6012
2334 2486 5927
2011 2265 7908
2092 2332 1454
2364 2458 3129
2020 2478 1181
2199 2435 8028
2335 2454 1156
2331 2419 1764
2030 2343 6315
2306 2338 8393
2252 2291 9171
2362 2408 5519
2075 2451 1515
2062 2201 5750
2208 2468 3649
2063 2303 80
2108 2289 4926
2260 2356 7807
2338 2365 555
2086 2293 5507
2091 2357 4635
2080 2233 1333
2043 2058 9628
2176 2367 1933
2118 2360 6476
2162 2443 5885
2266 2463 9613
2128 2130 4376
2366 2390 6361
2336 2362 5470
2140 2296 5645
2062 2241 7244
2059 2232 3776
2029 2424 1466
2265 2464 3379
2000 2254 2827
2150 2475 9581
2100 2383 134
2222 2236 787
2214 2355 6356
2117 2239 5296
2021 2235 6641
2188 2231 5772
2163 2288 3899
2138 2491 6457
2334 2475 1783
2135 2421 6593
2333 2340 6300
2021 2280 8374
2275 2357 3034
2105 2396 4421
2213 2217 4319
2035 2273 765
2204 2280 5192
2191 2281 4613
2028 2210 9255
2125 2126 725
2013 2086 8945
2050 2409 1334
2295 2350 6183
2103 2451 6219
2194 2387 135
2293 2379 5842
2006 2459 623
2340 2488 8496
2094 2146 1997
2218 2300 2290
2363 2452 2691
2004 2204 5557
2097 2240 6869
2204 2269 5103
2095 2315 5566
2117 2403 8120
2085 2300 2302
2204 2466 7242
2270 2483 9713
2210 2247 2749
2355 2359 9190
2125 2172 1136
2160 2364 628
2162 2306 5162
2319 2323 5617
2079 2132 5363
2259 2267 8903
2185 2471 4064
2014 2407 8658
2059 2290 6369
2024 2057 5116
2124 2470 5609
2245 2347 4422
2246 2497 2726
2028 2424 1365
2053 2268 588
2168 2493 2808
2207 2359 2786
2407 2488 9605
2195 2478 5160
2016 2424 4966
2224 2465 3940
2280 2411 6824
2336 2483 8117
2206 2268 2976
2095 2435 733
2120 2167 885
2126 2297 2019
2185 2385 7159
2062 2211 4162
2161 2304 1923
2026 2371 8193
2111 2157 3494
2236 2327 3103
2187 2316 9634
2291 2301 3086
2056 2388 9551
2054 2473 5937
2037 2399 6850
2031 2405 4603
2018 2092 8207
2068 2467 5916
2222 2484 8690
2004 2072 598
2030 2400 5264
2157 2180 8093
2051 2316 7330
2370 2398 6489
2021 2322 4924
2105 2447 9188
2304 2342 9850
2148 2483 7001
2156 2280 3227
2111 2441 1209
2212 2350 401
2019 2388 1835
2102 2128 4646
2176 2218 2384
2009 2039 5498
2212 2281 9784
2054 2091 6702
2081 2253 8148
2037 2314 6837
2001 2491 3586
2233 2357 9825
2392 2444 4957
2293 2420 8954
2142 2290 1926
2033 2166 5135
2155 2231 2415
2120 2488 2455
2300 2426 3147
2262 2404 2569
2328 2404 1704
2005 2153 1841
2354 2466 5509
2116 2417 7627
2172 2270 1618
2105 2418 4613
2001 2038 6385
2232 2273 6730
2150 2464 3859
2479 2491 801
2093 2280 4894
2102 2297 7593
2050 2206 9102
2196 2307 9671
2006 2374 9876
2426 2451 8628
2123 2220 8964
2067 2168 8558
2254 2414 7803
2143 2355 607
2293 2459 1836
2361 2404 3239
2112 2496 6224
2291 2363 3994
2180 2323 5449
2156 2297 9073
2097 2171 3037
2311 2356 8103
2034 2260 1644
2310 2384 790
2144 2424 8722
2294 2359 6370
2094 2182 8337
2384 2385 2642
2287 2372 5531
2046 2346 3066
2074 2397 6640
2223 2237 1268
2405 2406 7842
2275 2417 7073
2025 2145 6589
2176 2187 4989
2173 2295 4171
2347 2496 630
2311 2445 4080
2254 2408 9867
2090 2214 1699
2091 2478 6079
2095 2446 5492
2066 2352 4162
2179 2499 2446
2011 2195 5703
2122 2336 5526
2161 2469 6020
2238 2489 4934
2026 2369 6788
2118 2474 2521
2133 2458 8906
2308 2404 7524
2063 2106 1787
2240 2374 3949
2221 2398 2078
2218 2436 8691
2061 2455 941
2370 2430 2848
2129 2421 3184
2014 2348 9472
2043 2421 8971
2187 2316 9130
2050 2364 4258
2006 2152 5611
2051 2489 7178
2059 2410 4482
2138 2413 571
2134 2267 7939
2230 2380 6285
2112 2127 8375
2246 2498 7697
2436 2490 4596
2278 2446 9609
2074 2217 8321
2441 2445 1688
2048 2359 9348
2337 2455 3204
2018 2384 7036
2370 2384 9664
2195 2489 2841
2072 2230 8438
2067 2083 120
2037 2475 582
2000 2454 946
2131 2170 8372
2074 2448 3595
2086 2132 5360
2416 2425 4904
2365 2489 1511
2446 2462 1423
2160 2302 2280
2089 2203 5520
2225 2344 9014
2064 2169 6670
2200 2206 2896
2005 2465 867
2170 2313 3191
2077 2255 7484
2045 2414 6803
2052 2166 4925
2152 2185 9899
2128 2168 2320
2032 2419 1750
2096 2172 9204
2164 2233 3635
2149 2491 8284
2023 2288 798
2185 2243 9684
2090 2354 873
2099 2227 5735
2004 2119 7244
2286 2301 7114
2033 2385 1676
2033 2120 2900
2389 2486 1077
2276 2431 7964
2105 2318 1840
2327 2382 9434
2383 2399 5769
2008 2105 439
2166 2449 1641
2061 2275 1402
2027 2202 9159
2080 2082 4608
2181 2449 1008
2191 2394 156
2028 2119 2059
2157 2166 3633
2174 2306 5293
2017 2420 2824
2246 2327 7300
2142 2211 4433
2222 2487 7393
2076 2262 3236
2177 2431 4252
2130 2213 4175
2322 2360 6918
2320 2357 3983
2124 2390 5389
2094 2480 5397
2145 2220 154
2180 2281 3438
2023 2113 6633
2041 2184 2861
2081 2428 8156
2229 2421 8573
2118 2244 9204
2299 2480 5408
2195 2398 6374
2187 2443 4558
2003 2127 4984
2109 2113 5064
2276 2359 5771
2092 2444 122
2028 2269 6169
2223 2458 9632
2037 2226 4777
2121 2226 9118
2405 2498 953
2324 2423 8805
2032 2405 1024
2306 2424 4549
2109 2220 9860
2249 2356 6496
2349 2490 4639
2312 2498 3040
2190 2445 3472
2024 2038 4051
2031 2188 5815
2025 2205 8493
2366 2459 5743
2165 2485 8459
2050 2225 4183
2026 2050 9899
2325 2465 8723
2295 2398 6451
2049 2323 1220
2115 2482 4123
2383 2438 4818
2051 2275 9999
2159 2320 7676
2014 2088 7483
2138 2388 6082
2114 2406 3421
2035 2432 3765
2163 2382 2567
2326 2391 6068
2151 2429 3316
2268 2442 4471
2045 2113 8008
2014 2149 8387
2174 2452 1264
2128 2296 384
2250 2370 9429
2179 2429 8339
2223 2453 624
2059 2160 9093
2211 2247 7854
2092 2414 7671
2085 2248 3910
2014 2397 2293
2207 2253 2235
2116 2403 6189
2046 2418 4554
2194 2210 1433
2179 2311 7793
2051 2401 9841
2146 2223 2914
2241 2461 3147
2132 2360 8695
2091 2442 6284
2350 2464 5736
2323 2342 2460
2055 2356 4191
2149 2184 4450
2047 2313 8463
2161 2377 7152
2253 2407 5388
2203 2224 8939
2262 2308 8684
2032 2493 8136
2088 2491 4813
2374 2439 3465
2013 2227 2657
2308 2428 7551
2316 2424 4620
2355 2383 9536
2192 2360 9550
2137 2161 8493
2361 2442 7864
2033 2298 3733
2197 2261 5810
2053 2084 8880
2010 2302 458
2089 2274 8889
2135 2176 9893
2356 2363 8191
2318 2458 3648
2078 2297 2238
2003 2281 387
2069 2458 2303
2179 2383 2409
2212 2302 5179
2193 2238 1457
2176 2347 1332
2018 2239 8739
2256 2483 5418
2018 2435 9041
2097 2281 3997
2058 2340 6694
2068 2102 7942
2113 2288 9714
2012 2115 433
2006 2405 5752
2004 2337 5980
2333 2498 2736
2090 2331 6607
2011 2392 3591
2030 2198 4632
2172 2355 6051
2094 2155 7203
2099 2382 130
2240 2264 1850
2046 2396 6164
2144 2247 6769
2219 2403 545
2233 2342 3635
2017 2270 660
2040 2392 9386
2225 2414 4615
2434 2436 4911
2285 2336 5609
2147 2210 3850
2214 2270 5732
2035 2252 8946
2120 2466 1408
2108 2464 3577
2368 2424 2062
2377 2496 977
2075 2273 9922
2431 2463 889
2032 2363 2467
2142 2206 9021
2262 2496 6390
2278 2343 6947
2128 2207 855
2207 2494 1201
2108 2485 846
2304 2309 7365
2308 2417 6708
2277 2327 3888
2055 2342 6260
2272 2431 4978
2026 2325 5870
2020 2224 2177
2051 2133 8023
2016 2298 1634
2137 2168 3567
2413 2414 3032
2338 2357 8117
2104 2239 2328
2321 2390 4158
2111 2296 1445
2188 2247 4324
2020 2439 9032
2022 2215 1049
2155 2228 6477
2231 2396 5468
2297 2481 4869
2417 2456 5162
2344 2412 3271
2071 2481 2166
2121 2314 3421
2217 2443 375
2225 2358 4191
2254 2455 9074
2056 2493 5575
2006 2436 4585
2380 2480 9592
2293 2447 2198
2400 2463 2373
2189 2288 1781
2171 2344 3627
2085 2169 7403
2278 2325 5084
2028 2332 1445
2400 2492 5677
2036 2360 7502
2067 2248 7096
2122 2276 1091
2071 2307 2628
2148 2341 4875
2067 2326 6075
2104 2144 1449
2170 2396 1915
2012 2376 3414
2227 2275 4023
2344 2363 8058
2136 2283 210
2065 2418 7011
2001 2023 5867
2053 2377 5480
2328 2391 9382
2069 2083 4928
2091 2430 6014
2318 2322 9978
2287 2345 7993
2314 2330 9078
2363 2398 5263
2007 2096 9914
2300 2420 3893
2302 2394 9668
2423 2485 5491
2029 2489 4012
2027 2139 3418
2069 2488 2214
2237 2281 488
2145 2232 8166
2257 2309 5152
2128 2361 5920
2270 2483 8420
2211 2431 9031
2363 2428 9196
2010 2384 6836
2319 2380 8864
2254 2288 8765
2053 2283 399
2127 2499 9842
2069 2267 9519
2342 2422 7322
2267 2419 865
2202 2350 993
2419 2479 2698
2043 2192 7619
2319 2490 2080
2181 2336 402
2072 2324 7610
2044 2220 1305
2191 2301 4461
2082 2437 5352
2008 2104 3563
2099 2248 3427
2220 2459 4974
2107 2328 1425
2144 2287 4503
2150 2165 8637
2127 2324 2966
2198 2487 5760
2041 2172 7306
2456 2479 9347
2293 2460 4555
2278 2296 6913
2195 2311 2114
2002 2004 1206
2077 2317 7983
2077 2486 1930
2432 2489 6169
2219 2435 7321
2274 2300 4733
2188 2312 8678
2253 2372 3819
2040 2488 3481
2018 2139 7144
2122 2315 3868
2338 2435 6278
2009 2040 1598
2058 2335 2271
2123 2364 5214
2118 2284 1796
2111 2206 8483
2076 2210 4410
2266 2462 1744
2197 2335 1110
2302 2488 8841
2334 2428 3329
2044 2395 5295
2067 2069 5913
2402 2418 1920
2079 2462 8202
2207 2320 167
2156 2432 3185
2029 2415 6257
2165 2394 8856
2299 2420 3895
2004 2232 3218
2395 2461 5872
2322 2431 5195
2260 2328 3587
2185 2258 2152
2045 2109 1944
2064 2402 2790
2210 2398 3069
2135 2315 6960
2322 2383 5217
2042 2257 8095
2006 2406 3503
2140 2490 9422
2092 2439 8031
2244 2319 5381
2165 2255 9824
2124 2261 5527
2072 2437 7953
2423 2438 3725
2005 2035 434
2005 2421 2694
2287 2477 5657
2194 2206 4560
2047 2414 7379
2008 2141 5675
2177 2183 8579
2179 2411 8444
2097 2459 3123
2345 2388 6744
2229 2315 425
2011 2017 3446
2185 2261 9740
2300 2410 3865
2012 2027 9870
2063 2475 9727
2399 2473 7705
2261 2427 4254
2127 2375 6871
2026 2167 8254
2090 2356 2573
2251 2276 7220
2210 2426 6441
2025 2385 2569
2006 2390 5323
2032 2277 1305
2285 2405 4495
2041 2074 7428
2055 2259 2148
2434 2445 1355
2171 2227 649
2349 2478 1267
2373 2493 7606
2023 2412 360
2222 2472 6011
2023 2065 8899
2006 2287 6788
2249 2459 8686
2030 2294 2622
2010 2034 9914
2049 2099 8605
2117 2251 9613
2021 2467 7359
2214 2380 7082
2029 2115 5704
2303 2353 2338
2312 2475 2625
2085 2324 2117
2028 2178 2091
2072 2445 6103
2343 2495 4864
2012 2262 2502
2087 2296 2994
2013 2315 8735
2273 2342 3289
2197 2257 6336
2075 2129 2998
2004 2104 8569
2133 2245 8958
2181 2364 3619
2257 2392 3861
2024 2198 5724
2017 2380 8008
2090 2221 6489
2057 2339 9188
2093 2173 4509
2131 2454 7470
2054 2205 1914
2008 2136 5243
2301 2374 8080
2038 2371 9362
2292 2458 5737
2019 2284 5130
2134 2349 3073
2221 2383 222
2035 2096 2263
2257 2470 2402
2042 2055 8556
2091 2196 8959
2051 2311 7572
2032 2105 9983
2013 2416 3159
2353 2406 6887
2024 2127 120
2123 2317 2354
2167 2344 3666
2267 2489 638
2127 2218 5829
2283 2400 3229
2084 2357 7699
2128 2157 9154
2003 2009 6757
2202 2363 2295
2014 2299 1780
2117 2418 7139
2342 2417 3345
2055 2068 3138
2269 2438 4365
2185 2494 3999
2265 2397 8924
2118 2462 5687
2305 2329 1841
2332 2403 8352
2066 2304 3508
2276 2389 9221
2202 2252 6924
2284 2367 3320
2147 2236 8968
2026 2079 1274
2056 2447 4051
2165 2310 5210
2244 2288 738
2100 2246 822
2062 2357 6047
2234 2421 8329
2097 2374 9634
2277 2410 3025
2124 2313 1210
2101 2345 9310
2162 2246 2161
2111 2392 3166
2192 2236 6414
2031 2240 3522
2187 2205 7782
2049 2430 1909
2052 2223 2939
2022 2250 7280
2008 2327 1588
2008 2131 7481
2290 2473 9416
2026 2193 838
2215 2422 7418
2303 2343 9573
2126 2169 1364
2139 2346 4173
2020 2308 6907
2062 2136 5780
2298 2442 4610
2074 2251 4412
2018 2486 2732
2214 2475 7463
2010 2088 8186
2138 2320 898
2057 2066 7935
2251 2471 5549
2255 2458 4951
2129 2330 8124
2029 2384 6257
2317 2405 5202
2189 2315 8141
2223 2298 4712
2367 2434 402
2253 2269 4910
2346 2363 7578
2429 2439 9597
2068 2342 6413
2222 2436 6756
2009 2376 8834
2156 2409 5181
2208 2228 7566
2316 2346 5156
2062 2215 5317
2027 2252 9026
2386 2398 2379
2085 2110 9259
2133 2488 6461
2177 2367 8956
2194 2435 1233
2159 2207 1679
2264 2344 3038
2247 2484 7817
2180 2363 6535
2344 2379 5754
2154 2463 7386
2015 2110 3199
2000 2407 5917
2047 2128 9512
2372 2442 9410
2034 2449 773
2286 2379 7262
2094 2148 7290
2047 2268 3678
2105 2278 757
2183 2256 5450
2063 2119 9988
2143 2190 9452
2090 2345 9274
2194 2243 8069
2262 2310 9122
2106 2214 1736
2031 2235 7745
2229 2285 889
2423 2457 6269
2020 2319 8126
2253 2404 3501
2242 2305 5406
2102 2221 3696
2046 2245 2622
2147 2249 7914
2391 2484 5418
2023 2405 5128
2099 2244 8020
2364 2448 867
2246 2390 8812
2077 2248 209
2314 2382 1900
2181 2266 20
2171 2287 9986
2253 2318 8662
2034 2387 4964
2363 2382 3367
2132 2438 9688
2291 2482 3649
2088 2452 7935
2009 2306 6642
2236 2241 6924
2234 2407 5273
2060 2267 8830
2231 2438 7867
2123 2293 5415
2004 2471 2602
2235 2458 7600
2150 2290 5940
2017 2101 202
2031 2344 7419
2201 2481 7151
2092 2325 6232
2017 2412 9849
2161 2179 986
2185 2464 7820
2265 2359 1272
2121 2220 6007
2118 2131 4039
2359 2476 8762
2225 2391 2623
2232 2296 868
2179 2329 6323
2007 2009 9299
2009 2365 3107
2203 2208 3801
2116 2190 5967
2221 2254 131
2104 2278 9642
2085 2136 6452
2072 2437 6194
2050 2353 3808
2200 2228 9716
2130 2462 4219
2082 2256 4499
2237 2499 7503
2155 2349 254
2078 2229 2110
2343 2453 124
2048 2431 6731
2047 2297 2318
2099 2474 1663
2092 2313 695
2035 2281 8653
2006 2098 2808
2057 2172 8393
2453 2492 1166
2342 2497 409
2059 2449 9245
2316 2417 6032
2012 2048 8695
2093 2474 6033
2024 2282 1927
2127 2283 6639
2143 2228 6726
2248 2399 7820
2121 2325 8101
2317 2478 6921
2281 2447 9953
2065 2396 8904
2321 2323 6053
2003 2352 5676
2132 2210 8533
2369 2468 3370
2284 2409 7924
2416 2448 2106
2058 2207 7586
2286 2412 83
2323 2362 3625
2311 2447 4754
2025 2413 1355
2286 2431 6960
2088 2348 550
2054 2307 7639
2073 2400 8022
2355 2480 8777
2003 2184 8748
2026 2027 291
2192 2404 8203
2082 2388 7566
2399 2444 4226
2336 2362 2954
2093 2408 5212
2016 2033 9220
2423 2487 7420
2101 2296 6014
2150 2341 7123
2144 2444 2416
2235 2414 5902
2067 2102 4173
2033 2290 9483
2325 2445 1775
2252 2414 3437
2038 2465 4560
2081 2091 6031
2048 2417 4269
2167 2455 662
2206 2338 8320
2231 2360 4437
2143 2347 6888
2358 2451 3552
2115 2443 7856
2019 2087 8214
2042 2229 5570
2221 2269 9868
2101 2477 579
2075 2483 8722
2320 2339 549
2142 2434 9244
2090 2493 2295
2197 2362 5191
2146 2322 3203
2331 2483 2904
2041 2255 5389
2120 2310 7860
2248 2361 13
2030 2486 5863
2462 2463 3336
2117 2186 4233
2125 2349 4293
2232 2391 8208
2015 2309 9703
2011 2465 2181
2128 2329 9814
2069 2192 2355
2054 2068 6982
2434 2441 6601
2229 2343 7224
2212 2240 4405
2448 2466 5003
2172 2410 4588
2257 2335 6707
2023 2141 4999
2033 2104 1086
2002 2005 7114
2193 2415 2164
2100 2184 9375
2175 2325 922
2197 2290 7296
2255 2289 2259
2154 2416 8771
2169 2325 3875
2267 2344 8562
2069 2246 8196
2136 2153 7781
2119 2407 9028
2104 2357 6649
2151 2444 9489
2001 2158 5791
2080 2314 5047
2135 2289 8983
2093 2410 8242
2224 2365 1050
2226 2283 2210
2276 2412 3799
2339 2456 6365
2082 2195 6703
2304 2453 5999
2298 2330 18
2119 2410 3287
2072 2213 1672
2041 2269 3313
2022 2235 4100
2093 2163 9278
2176 2192 6948
2094 2203 6069
2154 2168 1885
2243 2336 2263
2238 2261 2388
2200 2325 3507
2014 2158 4351
2019 2459 5619
2071 2097 3965
2040 2486 2387
2004 2385 6583
2036 2479 4224
2170 2269 9230
2287 2357 6165
2366 2423 1819
2095 2133 1617
2136 2488 6064
2171 2450 7689
2052 2393 8239
2136 2453 7419
2206 2499 6567
2057 2441 7580
2121 2406 4301
2193 2300 6192
2243 2362 9385
2404 2484 570
2200 2359 8199
2249 2325 6964
2176 2213 8086
2378 2411 3904
2143 2300 6097
2102 2383 5344
2055 2195 849
2274 2402 664
2278 2474 3848
2093 2490 8585
2055 2493 2381
2181 2317 269
2011 2324 4408
2150 2154 5177
2263 2335 5779
2128 2242 4648
2076 2145 7067
2411 2446 9415
2023 2433 5097
2158 2186 9168
2196 2284 8408
2055 2479 2761
2020 2360 8180
2063 2352 3717
2326 2385 2698
2200 2428 5273
2403 2433 1600
2009 2400 2340
2083 2218 5460
2188 2266 3804
2001 2346 4297
2037 2113 580
2013 2114 235
2265 2313 8396
2040 2075 1993
2011 2382 2842
2219 2305 2136
2145 2200 6924
2160 2225 8395
2174 2228 3480
2246 2401 4787
2046 2467 8441
2021 2314 7404
2357 2426 4951
2184 2339 8618
2037 2215 2519
2108 2455 2484
2229 2456 196
2278 2449 2490
2047 2480 2582
2389 2431 1621
2100 2253 4728
2183 2491 727
2081 2223 8203
2089 2292 1831
2120 2446 8337
2031 2445 7905
2084 2439 6174
2142 2368 8582
2039 2221 8346
2080 2155 9702
2001 2349 4703
2163 2222 8005
2273 2401 371
2052 2200 2484
2162 2231 3607
2182 2295 2882
2238 2494 36
2168 2419 4486
2179 2410 5992
2213 2472 2957
2249 2400 9688
2179 2347 451
2217 2290 364
2052 2205 6324
2328 2351 8092
2085 2485 843
2082 2180 1373
2019 2075 921
2133 2235 4950
2170 2381 6493
2066 2292 2166
2139 2411 7510
2119 2170 3818
2026 2323 9230
2192 2418 5973
2135 2468 6564
2035 2086 8298
2318 2383 2225
2031 2267 723
2048 2359 639
2252 2409 3778
2087 2339 7905
2309 2448 6970
2250 2430 818
2087 2394 9456
2367 2395 6213
2004 2212 7413
2112 2431 7793
2282 2426 660
2263 2415 641
2140 2182 1315
2138 2365 7405
2185 2410 2032
2170 2462 5685
2430 2461 6392
2037 2429 5346
2220 2310 9947
2181 2419 3585
2091 2278 4761
2358 2361 2348
2209 2451 256
2430 2468 2446
2129 2388 5633
2240 2369 3569
2353 2483 4326
2316 2386 7822
2407 2429 7925
2128 2175 6399
2236 2467 5397
2161 2193 3371
2235 2449 3372
2244 2340 9550
2037 2129 1458
2052 2343 4748
2112 2481 8198
2219 2255 9766
2129 2420 3093
2106 2398 8318
2185 2283 1254
2119 2235 9125
2216 2308 4559
2234 2430 475
2104 2404 7574
2152 2433 1232
2245 2421 2375
2136 2320 9708
2279 2325 390
2111 2308 7270
2088 2386 2478
2030 2055 7330
2114 2157 7673
2185 2302 5079
2038 2383 1215
2117 2439 9773
2376 2415 4320
2027 2485 1718
2098 2293 1726
2351 2480 2039
2308 2477 9684
2373 2485 7988
2073 2103 6144
2258 2284 1098
2273 2440 4986
2024 2340 4269
2017 2166 4811
2190 2478 8284
2033 2048 6851
2006 2318 438
2162 2406 9308
2360 2398 2057
2130 2264 3232
2019 2440 7175
2105 2327 1607
2289 2457 5134
2079 2139 2695
2310 2383 7256
2248 2323 4333
2182 2441 8078
2388 2455 9416
2114 2180 9645
2393 2469 8988
2015 2292 5904
2029 2117 7696
2047 2176 7513
2090 2125 3933
2018 2043 9434
2359 2380 4021
2141 2185 6
2224 2416 4289
2027 2100 4501
2207 2369 6429
2143 2274 8027
2229 2452 6988
2016 2164 7692
2176 2359 3479
2016 2089 2214
2296 2494 8153
2054 2249 8170
2179 2330 7839
2160 2308 8027
2225 2309 8263
2333 2354 7273
2109 2343 280
2096 2478 4469
2168 2218 9287
2059 2477 1929
2268 2400 2561
2219 2442 5523
2180 2204 1017
2208 2396 3821
2160 2474 8910
2152 2368 483
2223 2419 3865
2160 2321 701
2408 2430 1306
2385 2444 3172
2307 2342 4557
2155 2260 8476
2260 2284 2617
2284 2323 1877
2323 2458 2920
2338 2412 5763
2022 2310 4082
2057 2401 297
2046 2057 4571
2057 2283 1353
2160 2247 5648
2254 2303 2332
2430 2499 5385
2118 2323 641
2302 2355 380
2019 2071 7938
2032 2263 8648
2229 2389 9890
2114 2349 505
2286 2334 787
2375 2388 4476
2018 2065 8256
2180 2253 3579
2047 2445 1325
2114 2333 5785
2073 2327 4947
2143 2200 7329
2156 2213 3382
2037 2115 4411
2005 2350 9756
2196 2388 3953
2058 2353 8628
2337 2498 7699
2201 2493 1710
2394 2494 5715
2348 2498 697
2128 2263 6643
2191 2252 7594
2248 2416 9127
2195 2226 9145
2045 2455 806
2079 2309 1079
2265 2350 1567
2231 2438 9507
2278 2410 3982
2295 2406 7425
2113 2372 1774
2435 2496 812
2217 2353 1429
2263 2377 1433
2390 2488 4730
2020 2339 6546
2449 2460 2202
2344 2489 8707
2224 2366 7670
2041 2164 7152
2186 2330 3298
2029 2335 2498
2387 2394 3946
2316 2395 5635
2118 2375 3243
2162 2428 7337
2322 2328 4609
2089 2107 2437
2220 2278 191
2237 2264 1657
2349 2488 4852
2129 2474 6216
2017 2457 9780
2069 2436 2670
2078 2246 6453
2313 2411 9224
2115 2357 5866
2049 2226 1049
2009 2044 2548
2355 2495 9305
2413 2475 5292
2018 2490 4939
2242 2395 1571
2219 2433 128
2038 2495 6817
2394 2421 8957
2074 2275 5197
2265 2498 9834
2196 2384 6941
2365 2479 205
2188 2236 3016
2231 2243 7954
2208 2309 9788
2202 2241 1299
2173 2227 943
2044 2236 5886
2328 2340 6894
2222 2298 5046
2168 2489 6993
2016 2047 6115
2434 2499 9619
2283 2413 8964
2101 2354 2274
2079 2115 9860
2075 2160 8666
2034 2082 1662
2065 2226 31
2130 2275 9071
2172 2489 1747
2120 2132 6603
2063 2430 8402
2053 2059 1854
2050 2478 2728
2372 2431 9652
2147 2375 8265
2231 2354 9163
2197 2496 1091
2406 2408 3030
2149 2313 2693
2034 2444 5123
2019 2036 6529
2192 2248 5697
2107 2202 7927
2325 2486 8406
2134 2354 4918
2177 2451 9670
2127 2310 6390
2186 2205 6016
2449 2483 507
2378 2444 9019
2152 2271 5878
2002 2087 9140
2293 2315 1618
2230 2458 1000
2153 2283 6622
2211 2370 7104
2039 2265 9491
2163 2343 9275
2136 2211 4677
2202 2327 2458
2232 2490 844
2117 2264 7626
2014 2088 7027
2214 2445 6732
2464 2475 7480
2126 2256 8008
2180 2330 9236
2012 2201 411
2099 2166 8581
2094 2319 5290
2083 2236 6081
2480 2499 5504
2026 2071 9152
2357 2465 2115
2292 2353 8517
2221 2411 7708
2031 2166 3749
2121 2298 1899
2109 2413 6305
2206 2476 1633
2008 2093 6566
2252 2443 5050
2023 2054 5755
2084 2120 4515
2059 2330 7343
2087 2341 1042
2170 2197 3652
2166 2446 6612
2077 2229 2860
2360 2378 6510
2201 2310 1070
2269 2319 3697
2066 2110 5660
2051 2212 4001
2032 2463 5135
2387 2405 2230
2196 2299 6377
2431 2433 8590
2036 2283 7848
2205 2388 3993
2066 2085 4310
2012 2259 161
2182 2272 2647
2084 2217 9798
2124 2336 8054
2127 2444 1422
2483 2490 1981
2191 2378 9205
2371 2416 2239
2052 2057 2035
2206 2346 9425
2168 2185 7889
2103 2156 634
2037 2494 694
2057 2305 5460
2130 2323 1375
2232 2346 230
2245 2403 9591
2121 2440 5706
2068 2174 1712
2165 2422 9090
2159 2169 3449
2209 2318 3265
2155 2342 8813
2371 2452 8095
2383 2403 1695
2157 2279 4054
2224 2332 5087
2114 2444 2131
2434 2493 1367
2006 2128 2862
2007 2302 506
2114 2313 4882
2127 2456 1053
2074 2340 3435
2153 2259 6562
2457 2495 2298
2239 2362 8746
2351 2397 6769
2036 2382 2892
2021 2430 4300
2102 2129 2618
2145 2489 2355
2372 2388 7356
2445 2447 9309
2279 2482 9600
2081 2193 2167
2011 2088 7047
2296 2361 4328
2093 2451 3651
2406 2421 2735
2185 2257 9366
2047 2141 8485
2017 2033 9031
2468 2486 8697
2085 2398 8064
2121 2266 3530
2066 2338 3615
2095 2446 6567
2027 2044 9091
2139 2310 9808
2359 2453 253
2138 2427 9789
2105 2258 8967
2287 2393 1942
2053 2449 1073
2056 2458 7430
2044 2241 4432
2445 2455 8451
2211 2232 6286
2176 2262 5016
2038 2337 7838
2166 2463 1121
2055 2429 9018
2034 2358 1723
2037 2177 8859
2120 2453 1101
2424 2459 87
2263 2358 6295
2094 2465 7925
2015 2405 7177
2238 2358 1338
2332 2336 6497
2355 2488 4039
2118 2344 2864
2168 2474 9467
2227 2265 8142
2377 2411 1350
2219 2285 2766
2117 2132 1931
2011 2263 9054
2159 2386 3673
2152 2240 684
2234 2447 4609
2085 2363 2617
2102 2378 8453
2001 2380 7064
2367 2493 8253
2475 2495 4843
2362 2490 2224
2207 2256 1967
2156 2396 973
2266 2345 2479
2024 2237 6476
2072 2442 228
2027 2213 1205
2322 2417 149
2122 2128 7147
2305 2385 8083
2056 2128 6080
2108 2290 8588
2020 2088 7588
2181 2349 4952
2383 2400 9951
2091 2494 5818
2025 2244 2231
2018 2189 952
2283 2425 7176
2118 2167 9429
2071 2305 5323
2229 2422 1307
2281 2330 7534
2253 2334 3218
2010 2468 8471
2013 2177 6052
2285 2410 5232
2265 2293 4891
2037 2268 7769
2048 2231 6173
2022 2259 5857
2142 2189 3818
2272 2315 8401
2094 2137 7221
2489 2497 4466
2265 2282 3053
2070 2246 8787
2036 2329 9362
2144 2184 2002
2150 2154 343
2023 2260 7128
2072 2125 8913
2170 2371 4797
2091 2359 9033
2098 2135 3105
2024 2267 2407
2010 2276 4518
2144 2203 3630
2393 2469 9374
2086 2105 2495
2082 2265 7411
2090 2103 8910
2393 2413 5363
2021 2286 436
2081 2298 1427
2139 2417 831
2348 2440 4785
2049 2234 9551
2018 2451 6291
2330 2331 3977
2120 2169 6977
2156 2458 7448
2086 2443 4974
2016 2069 1147
2082 2190 8189
2274 2330 9167
2221 2278 9153
2141 2207 1763
2232 2258 6598
2046 2466 2783
2089 2241 8568
2266 2468 8954
2029 2310 9705
2195 2318 5648
2162 2394 5156
2297 2458 3382
2167 2429 6093
2064 2078 5202
2129 2442 887
2267 2429 4965
2367 2400 5454
2102 2234 7578
2011 2268 2358
2273 2479 5742
2051 2087 869
2134 2454 4019
2070 2314 6556
2381 2428 3295
2068 2495 8758
2076 2361 9654
2068 2208 369
2338 2448 9237
2139 2259 3126
2406 2434 4932
2028 2091 5606
2398 2418 7457
2120 2411 1620
2018 2218 8003
2102 2140 5610
2057 2319 7886
2156 2262 5309
2005 2487 1823
2320 2438 6224
2038 2353 2168
2121 2452 6801
2335 2441 2945
2077 2199 9092
2030 2220 4353
2230 2346 504
2167 2272 864
2041 2235 6875
2317 2467 6179
2200 2406 1184
2048 2483 7578
2021 2064 9791
2268 2414 8251
2040 2312 7103
2026 2198 4357
2019 2446 7100
2295 2331 7348
2226 2474 2626
2091 2432 7226
2117 2279 1947
2111 2224 3885
2067 2215 1864
2006 2115 9133
2113 2306 4548
2144 2392 1771
2364 2382 5906
2056 2267 1929
2190 2432 1972
2098 2447 9686
2422 2433 4079
2083 2418 2658
2107 2213 2245
2253 2307 6172
2009 2141 1615
2321 2415 2913
2340 2393 4312
2024 2107 885
2177 2273 4608
2025 2083 8826
2231 2264 1601
2364 2442 1726
2252 2448 9413
2255 2314 6728
2024 2214 9525
2378 2485 2262
2080 2285 8293
2183 2257 3098
2085 2312 8243
2158 2303 626
2105 2249 398
2039 2477 8884
2066 2215 4479
2104 2336 9623
2356 2498 7309
2138 2331 2833
2043 2459 7710
2085 2451 2524
2159 2431 9667
2262 2418 2920
2183 2278 2186
2046 2241 3075
2162 2435 261
2142 2292 1152
2282 2323 9325
2139 2418 5694
2161 2330 8094
2033 2081 806
2102 2343 5879
2297 2301 1070
2015 2257 4316
2331 2390 4696
2381 2479 735
2117 2348 4463
2041 2381 1234
2190 2432 241
2159 2276 3408
2315 2487 2378
2017 2397 5342
2280 2289 3865
2081 2093 5054
2380 2469 2106
2203 2428 972
2199 2305 5487
2097 2105 2103
2204 2451 7638
2233 2417 9375
2181 2311 3884
2243 2343 539
2304 2319 5689
2159 2485 6361
2149 2209 8729
2183 2363 1908
2077 2464 4433
2414 2433 1855
2384 2492 3379
2053 2101 5862
2028 2094 3476
2194 2281 8968
2268 2470 6389
2160 2487 1633
2209 2435 1449
2047 2059 8722
2078 2242 4349
2403 2458 9841
2128 2217 1668
2026 2309 9933
2140 2362 8269
2004 2279 7641
2037 2042 9081
2387 2418 5335
2394 2466 9590
2142 2237 2742
2003 2281 1138
2074 2257 5209
2175 2435 547
2176 2409 893
2177 2283 538
2385 2410 3604
2045 2313 6857
2109 2245 4177
2098 2227 8588
2083 2480 94
2110 2337 4787
2263 2415 1719
2161 2420 1195
2174 2493 4448
2181 2288 8456
2264 2289 1151
2448 2494 3381
2049 2283 9620
2153 2297 6083
2204 2390 2417
2057 2431 2218
2274 2278 8985
2015 2375 5319
2000 2162 896
2367 2379 2407
2125 2163 3158
2208 2433 3633
2194 2484 8209
2119 2267 1014
2099 2481 4873
2019 2085 1875
2181 2411 9905
2070 2181 9347
2212 2414 9519
2258 2393 6784
2041 2338 8
2335 2439 5494
2086 2214 5253
2162 2333 81
2017 2105 4812
2223 2431 7556
2193 2392 5812
2200 2491 501
2170 2254 9928
2270 2345 4133
2095 2159 61
2357 2480 9303
2028 2456 7091
2175 2313 8880
2079 2278 6613
2244 2285 2781
2253 2382 5562
2166 2230 545
2063 2410 5181
2132 2251 3088
2479 2493 921
2282 2295 1443
2035 2335 2519
2064 2408 265
2070 2399 6349
2189 2192 6033
2426 2453 5694
2422 2434 3523
2016 2426 7124
2276 2448 2168
2139 2430 8928
2251 2278 3702
2248 2265 749
2089 2418 2578
2108 2140 1239
2072 2183 345
2107 2376 1682
2132 2416 9277
2156 2192 1818
2289 2351 4558
2290 2292 547
2129 2185 8213
2107 2190 4672
2128 2263 7177
2358 2469 3076
2334 2471 6270
2161 2378 1574
2044 2054 3498
2030 2068 358
2314 2474 2552
2118 2237 9494
2285 2318 8991
2004 2383 7856
2219 2292 9646
2223 2348 5817
2302 2483 7695
2054 2123 9334
2015 2227 2706
2007 2387 4303
2178 2260 4631
2036 2467 1367
2360 2473 3114
2136 2485 3891
2328 2465 3973
2188 2299 3461
2277 2417 3856
2162 2359 7496
2012 2493 3790
2376 2380 8826
2371 2398 9479
2064 2347 3930
2215 2308 5407
2196 2442 3431
2067 2485 9573
2258 2344 4338
2414 2466 6114
2286 2348 5996
2072 2350 3771
2141 2324 9335
2277 2401 210
2136 2418 7159
2259 2278 9457
2212 2454 6975
2344 2433 3500
2100 2346 6781
2198 2476 3872
2045 2055 306
2035 2381 7979
2172 2194 3578
2017 2222 8643
2121 2320 8618
2157 2165 5976
2024 2333 2642
2212 2425 6241
2195 2418 5879
2220 2340 2344
2034 2465 2671
2064 2220 1229
2304 2367 8156
2072 2209 2871
2109 2252 7308
2157 2459 416
2023 2400 6446
2252 2437 8444
2295 2453 5483
2052 2442 7248
2291 2489 5523
2199 2256 4056
2187 2432 9878
2031 2371 9271
2111 2226 2782
2133 2419 3813
2239 2310 4745
2102 2285 8802
2186 2286 6937
2043 2493 348
2106 2487 6365
2294 2428 4742
2047 2193 8231
2046 2318 4108
2203 2357 1186
2116 2140 4880
2152 2443 1816
2062 2109 5705
2044 2115 1378
2094 2319 3057
2315 2416 8074
2106 2180 8177
2050 2206 8430
2057 2078 3348
2311 2392 4619
2077 2119 5876
2041 2361 8853
2131 2239 4894
2255 2284 2145
2036 2083 2194
2032 2367 7732
2001 2335 2
2288 2386 5107
2147 2267 1413
2233 2486 7851
2167 2440 7194
2160 2409 1083
2146 2219 1441
2098 2372 576
2090 2230 9166
2030 2396 3921
2175 2379 8377
2060 2281 547
2236 2356 3079
2014 2446 9016
2188 2387 5851
2194 2251 288
2210 2348 3702
2476 2486 349
2189 2498 8245
2259 2380 103
2068 2282 4667
2370 2466 9820
2188 2393 1556
2158 2251 2227
2295 2306 3763
2264 2372 3208
2178 2242 479
2068 2372 4395
2033 2294 2610
2004 2497 1664
2301 2435 7197
2128 2397 2065
2360 2454 2359
2256 2482 9271
2259 2429 6819
2245 2317 8455
2259 2493 5108
2036 2053 9949
2108 2355 6804
2315 2394 6261
2186 2269 5008
2192 2490 2279
2144 2218 7239
2188 2225 6291
2080 2377 2198
2019 2457 1392
2007 2203 510
2169 2320 5499
2284 2378 1536
2147 2244 7073
2075 2143 4236
2455 2480 7283
2242 2328 374
2431 2457 1935
2066 2116 2960
2405 2449 7411
2262 2476 2373
2068 2279 1148
2025 2431 5301
2017 2213 183
2109 2458 7195
2073 2360 1248
2432 2465 3107
2142 2167 496
2114 2362 2586
2151 2323 9604
2086 2240 9101
2132 2295 9820
2305 2477 8244
2303 2368 3170
2113 2356 3466
2126 2166 4101
2074 2396 4737
2267 2429 1827
2065 2477 5459
2071 2128 8892
2011 2435 7237
2107 2188 44
2053 2406 5665
2344 2352 6734
2328 2472 3819
2043 2168 1079
2141 2288 480
2303 2430 4307
2149 2356 2954
2193 2317 9326
2014 2308 9142
2137 2425 4367
2289 2406 632
2468 2487 6146
2279 2409 1592
2011 2185 356
2069 2312 3202
2311 2470 4311
2068 2181 8706
2310 2427 4358
2249 2293 4294
2099 2118 4936
2055 2302 9373
2188 2227 8391
2071 2341 8836
2117 2314 2582
2159 2366 5393
2231 2340 4824
2047 2214 7309
2449 2461 8806
2083 2367 3581
2395 2480 1537
2285 2432 1995
2188 2447 9487
2073 2335 2563
2207 2431 3620
2123 2285 1981
2168 2381 1879
2033 2227 5809
2033 2229 7559
2194 2410 8548
2103 2242 6320
2009 2019 3165
2078 2129 9698
2089 2122 7527
2037 2389 1116
2100 2374 3864
2166 2209 3632
2073 2130 9519
2191 2383 2535
2334 2445 2266
2119 2313 3507
2037 2223 7004
2088 2137 1543
2252 2389 1388
2026 2448 941
2386 2465 3855
2220 2410 5477
2241 2356 8195
2059 2110 914
2221 2312 5235
2255 2377 8829
2104 2431 7475
2028 2224 3468
2005 2177 9583
2104 2251 330
2012 2497 1178
2028 2170 8208
2078 2260 8348
2001 2352 6049
2143 2331 4741
2346 2450 960
2031 2113 120
2127 2196 2906
2149 2448 4421
2042 2298 6004
2173 2209 8557
2024 2192 6301
2240 2370 5141
2046 2267 17
2182 2216 926
2108 2304 7827
2144 2471 7564
2377 2437 678
2263 2269 9404
2121 2347 1616
2273 2305 8215
2462 2463 3936
2071 2198 3299
2191 2239 2236
2279 2395 3003
2163 2250 1058
2135 2271 586
2117 2212 1811
2151 2340 5594
2131 2163 8770
2305 2489 3703
2097 2393 6550
2130 2165 1946
2236 2493 3775
2353 2398 4033
2209 2472 416
2190 2436 4797
2085 2429 2688
2184 2261 5152
2272 2422 7747
2221 2355 4822
2281 2403 8995
2303 2320 6533
2034 2079 2173
2063 2377 656
2217 2233 5081
2328 2392 2516
2213 2245 7914
2178 2489 6283
2008 2070 1893
2103 2409 8460
2028 2192 4321
2047 2087 6841
2033 2097 4936
2149 2327 318
2057 2136 8953
2176 2198 2697
2321 2368 102
2258 2437 2274
2227 2416 4778
2479 2488 1527
2023 2425 6323
2399 2428 8425
2065 2070 2304
2050 2383 8556
2360 2439 5392
2165 2176 7142
2028 2164 2347
2027 2208 8486
2087 2414 8395
2129 2220 4640
2078 2431 8643
2231 2252 6697
2075 2372 8083
2009 2360 8880
2062 2481 5425
2075 2462 3652
2030 2362 7069
2090 2168 5321
2398 2467 5454
2036 2353 6880
2269 2365 354
2226 2350 2961
2416 2437 6017
2108 2353 2971
2183 2251 761
2054 2305 8164
2122 2161 5287
2389 2427 4092
2189 2403 7405
2236 2342 6934
2038 2302 561
2347 2496 8685
2410 2486 3801
2076 2358 3114
2085 2304 4849
2367 2380 6678
2276 2392 8110
2027 2461 7086
2014 2248 803
2069 2334 4136
2078 2308 5597
2045 2403 7591
2276 2280 8110
2292 2381 2407
2097 2120 1034
2241 2364 9977
2044 2204 3356
2324 2430 8105
2386 2425 3544
2021 2288 7948
2212 2379 6697
2114 2362 1128
2207 2294 3004
2142 2224 8252
2081 2346 5339
2149 2400 495
2381 2475 6836
2050 2319 3876
2371 2481 2089
2002 2015 500
2205 2233 5240
2023 2378 2836
2067 2384 6985
2259 2288 9100
2203 2394 3452
2112 2416 9705
2194 2309 7444
2036 2076 9209
2189 2356 2357
2114 2465 9793
2029 2327 7990
2014 2421 482
2353 2481 2378
2263 2283 5403
2119 2194 3471
2279 2321 8601
2051 2437 9007
2006 2143 9099
2042 2457 3590
2003 2308 3644
2229 2496 5120
2005 2275 2665
2153 2245 1929
2012 2427 418
2279 2499 6163
2300 2392 6082
2004 2247 8275
2190 2249 6264
2136 2442 165
2209 2486 841
2134 2426 4929
2102 2115 395
2259 2379 8476
2098 2462 8540
2108 2241 9904
2077 2190 4933
2165 2187 4517
2010 2393 7930
2031 2357 5651
2265 2466 1455
2042 2222 9089
2141 2474 1872
2071 2110 9349
2198 2435 7091
2285 2317 2937
2180 2185 8659
2010 2449 9892
2091 2171 2831
2141 2404 6291
2141 2241 191
2011 2077 2276
2308 2425 7407
2101 2257 117
2331 2428 8926
2345 2391 88
2177 2305 3246
2268 2281 6372
2135 2467 5587
2011 2265 5201
2061 2421 3696
2209 2384 1572
2192 2467 5289
2235 2400 1639
2058 2475 2453
2288 2298 2699
2154 2456 5150
2209 2449 3307
2045 2437 3250
2205 2479 9783
2138 2343 3014
2303 2408 7121
2279 2361 1293
2025 2311 9816
2222 2349 4749
2116 2233 857
2039 2060 617
2289 2429 8352
2106 2237 4774
2113 2267 5686
2101 2405 1619
2016 2180 5391
2291 2409 2987
2272 2376 4755
2208 2254 6975
2084 2409 7636
2067 2175 4429
2186 2376 8000
2137 2481 5581
2076 2217 2696
2008 2274 28
2284 2455 1315
2201 2345 7096
2086 2478 9126
2340 2370 6671
2205 2372 9374
2145 2292 6639
2205 2272 7530
2411 2490 7245
2078 2138 3466
2105 2268 611
2320 2428 5669
2275 2368 3234
2073 2277 3913
2028 2033 5786
2059 2297 8042
2004 2484 5430
2222 2262 3527
2052 2139 3435
2185 2216 9290
2092 2410 5917
2302 2316 573
2157 2342 7987
2050 2392 4735
2108 2198 2359
2329 2425 6177
2310 2431 6285
2239 2427 6170
2034 2478 5727
2329 2354 6878
2320 2487 1816
2087 2481 6468
2095 2462 9026
2097 2112 1613
2242 2384 5805
2052 2268 3841
2181 2189 8338
2129 2167 1006
2182 2259 6064
2170 2393 1721
2044 2171 4675
2257 2486 2218
2019 2142 335
2180 2266 4638
2145 2420 8442
2058 2319 9320
2059 2290 2321
2196 2464 7797
2173 2416 909
2103 2293 1077
2034 2416 676
2006 2496 8711
2033 2447 9750
2173 2464 147
2202 2349 1243
2101 2182 2438
2260 2314 8056
2004 2185 7896
2173 2477 8155
