1000
757148
7851001
1413357
6971125
9598369
567226
1749388
4890852
5766291
6239573
3038165
597007
3615545
6051437
2289611
8341523
427799
7215529
5016434
8544291
3447134
90227
2426873
6752252
4041605
6221269
9909135
7655784
4970744
1417563
7379061
873981
8670529
835681
6291073
3352031
6923811
4079501
6701607
6546365
7776868
572137
2071041
6629217
6496749
9646417
8840199
9255907
3557677
9268590
378796
7583463
5450721
2230963
9031779
4328646
3494529
6547831
6998222
4161665
8773941
724397
3666286
8402971
8581613
1452501
8026285
7903381
9151438
4145360
9920160
8159400
3145006
4295423
219949
203213
8403181
8734385
9331901
1051111
710191
7314089
9695685
1511396
7708701
7333277
3301481
400517
4446253
1551313
9202255
105948
8066085
6137201
8465310
5521105
4160985
3110748
4689271
7042883
8977345
434686
8129401
1273565
847795
8513793
566997
170279
5449576
4362900
8440002
8570943
7689601
9065045
7401681
6128239
7412023
640414
3589585
7869097
5992803
9460831
9267979
3525721
504717
2676069
6774961
347889
8804733
6672876
1621399
3763105
148239
2515623
7109680
1289133
257989
4363401
6526001
4329608
2342369
1182390
532866
2946171
8711871
1267489
9854070
4123425
8980027
2118270
5828105
7942657
6140876
6829267
778793
4418701
1507655
494798
3188885
9071424
3186914
7244835
4476636
7311553
5546031
8713617
516971
1951915
7333037
953719
5043116
5352806
9856897
8371241
9711629
3902119
1662373
1993265
9069513
5405770
3190751
6936619
860997
5134189
5474073
1804541
7979506
9615219
5370429
391025
6085236
2727579
6982251
6869479
524737
8987917
1315149
2152311
1859640
1474687
3534711
4703685
430121
6304961
2807552
9683399
133376
2968733
381357
5218042
474297
3015466
6129476
1205865
8807493
3205601
403321
4220263
6255901
7245756
7755361
8187633
1426751
1917161
8276681
9540376
6539745
5950717
256887
5690055
7818885
8976353
8947089
643601
9821561
2860571
3533551
9453753
4074595
6600877
4671853
3093156
8097499
7270876
9722713
5063961
3267725
3025309
9556358
1592376
440641
335433
2239781
2697482
3781818
5212561
4585961
6981445
3003941
8076799
7331701
3243725
8803556
3772401
7787463
9386281
4985669
3084517
4309232
2452851
4308881
5800313
6908701
3010145
5289261
8213201
2651156
7228097
5214483
3881783
2701328
817710
7931713
9487105
7757033
8514986
9302568
605386
8584989
5647081
4442987
6566657
2931689
8315634
6762317
6473182
599486
10817
485151
9221667
4662295
8799676
2506676
7559271
1924685
3260516
4942301
5755580
5265663
3436159
1073109
1574081
3435177
4764301
9846734
3496026
633605
2544848
7415473
2312137
8595209
3502521
7563001
7818981
5185845
2897841
3830440
819521
7596651
477734
3618551
3783843
8727741
8171353
2934266
5115161
7740785
9137988
9955201
5664125
8678245
8417748
1041648
6269961
1416463
5192278
5526846
7046297
4640225
8634529
562761
4462269
9268951
6985061
9926090
6399813
931524
3483279
9760711
1399361
692889
9336148
890065
3743777
8903751
7656526
3460867
7289207
5394433
3073945
3761476
8600041
7724189
6998479
9138216
1039817
3117101
2933461
9222661
1929124
7142305
1162225
328911
1396804
869922
2840401
7993476
603205
2924537
7190692
3009368
3634370
8011097
9492481
7306519
5679153
9760741
2089008
9036601
246117
4271689
1195911
6872031
2522538
6755553
6921358
8876863
3937521
3104869
4266276
1025356
4125305
6826761
9315689
4647476
3565833
280257
8342157
9380218
7268821
4902313
3051876
5636341
9421777
4699117
4918913
8138369
7753111
3767966
5241431
9410876
6618483
2488501
2491709
2775230
8088033
1726097
1258783
1184103
4975569
1646353
1891522
1375053
5536001
9378845
927751
8694305
3755429
7663488
3066023
743573
7503147
8096281
7398047
4202640
8564403
9941953
9201914
4644046
8437569
7355406
7435123
5543237
2027171
6127875
4592189
5705788
8282536
9906254
852601
6934345
5122156
1897326
5704871
4849057
4872229
3120351
6566617
9849701
9745492
415086
3114781
8181525
4750965
9407685
1338905
4338391
6808450
705153
8401601
9558836
3534155
9151712
3857136
9898601
1226205
4432701
5529138
954881
3910885
747177
9803657
7283506
158017
8388617
3807943
2623485
7619241
216903
9268145
8343236
4786447
9965685
46691
2513614
8960009
2199437
5563450
3762773
2851681
6472227
6202705
1690971
4443393
6713631
3647585
2716593
4514935
821563
4342289
7358741
8986852
1902675
3356989
3882183
3789257
8735447
6163477
1077233
1170226
3639327
3387815
4047341
7663201
1375123
5261697
7496281
9541126
3826055
915393
5123947
7743629
9751681
5299326
150683
8248801
7745321
1643111
6374601
51195
9548109
4807445
4627973
8952995
9563626
5472476
544721
6351381
8564921
6409835
2250365
9218482
534591
6340551
111751
2423633
3434687
4632949
5029097
208860
7933176
3423349
2851952
5780081
2785345
6605886
8149697
4774489
5305577
5014513
1485361
9025507
752174
9380950
6851736
8860926
9993201
4213536
1412625
1538083
9322701
8540236
5166830
98497
2156099
282169
7131221
164947
7992321
6185163
9313181
1192137
1056011
2114041
6996013
7338735
1217254
3142976
9372301
2322623
2510773
3580009
9386337
8249855
7761321
2861485
837407
3445145
4137603
9361671
2704201
1104965
1626685
6441545
7307388
9416827
9690457
254685
8784987
5337969
6843421
7733793
3948251
8045465
4222014
7718363
5366237
3216389
581469
29957
7020047
8395565
6237982
3257361
8314981
2878407
3579660
9133851
3045209
5723851
6273169
806790
6633156
593410
4645249
8790761
8234243
1841230
8090541
9836685
6373571
7947452
4010506
6933264
7035021
1636557
5193963
4321761
2759959
1120181
8816939
3608621
1876417
7672995
2575155
9667956
574379
596751
2163173
5726739
3719629
1924347
8768716
4157376
514197
5483881
7219841
3304577
6402721
1739011
9776191
9135605
4364097
3702889
931737
1137217
3030505
8728281
1414209
2645708
904616
3042901
7198177
9041074
764043
3035201
8341461
6403544
1436841
826465
5046581
249976
6978855
6397957
6610773
4701041
7954481
1603266
3109701
5569073
8982291
2152863
7317968
1474090
4825141
2421977
257781
1516903
852403
548392
7246529
343041
5487137
9843932
1169591
1402505
3048143
7005460
2511841
9892330
3387313
9763933
3751603
9753353
8707901
8339497
4236481
8640337
8786009
5463081
7442021
4550563
8952228
4430591
6370996
2347137
9570685
262583
1606751
2372104
2122596
6082329
9948
3417961
2089545
9391797
4886507
1399241
6843844
205657
2081887
5260225
7327310
7641165
2756335
4425729
25179
9228166
3769294
7713281
2018037
6241063
7486711
4598103
5807461
2954226
3272894
5119085
8654921
7307618
415651
4332776
2187751
6212046
3902349
856025
5600833
9244405
1160211
5814198
3441696
1326699
9682898
3510369
3807485
8409759
4773677
7006741
3924041
4512582
1944045
3623092
2216311
3838883
8465393
4556177
6343556
2546429
7334931
181025
6415283
1720723
3615471
7462985
7880497
6143961
1659829
5466451
4421240
9800366
435269
3635446
3017603
7747151
5062948
8878891
5599996
8137989
1079873
9038357
1761831
6788156
2195905
7177481
7459116
9067795
7301069
7387289
3588387
6703013
4987881
9642853
1480257
6837683
6792256
1250185
4162209
3651017
5798021
9120216
8116715
7218201
8919324
6820276
1138441
9672378
2754829
6359303
7725721
2023895
6498193
8187725
6701246
1198845
5146863
5442897
7065001
9505055
2452745
7740596
669108
7134313
8231108
8390982
6096483
1287256
7684313
8028981
8739026
6339885
9492433
2222009
1818441
9077441
3609044
8166969
8742065
206721
7790424
1345478
6739128
8525921
9310011
7166201
503681
5654876
993369
4146205
9894865
2528201
9019751
2600371
8702881
6887995
5920641
4485841
5263595
6146041
7202403
9581361
8365121
6543801
4388031
7677909
4273809
9197741
6371026
9209633
4918711
8581907
376363
6686977
2060625
386939
4568501
2551266
9385256
59921
1869822
1542056
1996142
1965957
9752958
2580455
7239000
595881
599193
4554428
9579329
5311431
5810236
4250279
9691977
9452421
4219211
5249481
5268096
1921871
6096788
9247991
4043675
7030371
8752453
620905
5841366
6536471
3404331
174106
62570
8364647
7601648
6077911
3322147
1191273
3126437
5363393
4037124
2577961
5597428
5279325
2596874
5258264
7525366
8435346
9211951
1483303
7351613
5385826
9648035
3777079
