30
2 10 68 46 95 66 22 89 11 20 41 48 5 70 80 54 27 21 95 38 87 95 28 45 7 35 90 82 50 23
84 62 63 75 1 98 85 49 68 23 11 23 3 69 100 2 60 7 65 62 27 56 2 43 23 93 45 63 10 21
11 95 13 8 38 32 16 54 88 50 71 90 68 14 47 5 12 19 97 44 11 43 28 30 86 45 101 13 42 63
81 32 62 69 38 53 1 96 66 18 12 51 30 14 6 66 24 56 24 55 56 27 85 85 86 40 22 79 31 97
41 91 62 65 35 50 74 2 62 41 23 99 76 73 40 3 38 65 59 73 72 33 47 52 33 73 8 69 9 58
82 12 70 15 88 18 21 33 77 85 60 10 84 100 2 77 88 35 56 14 42 55 51 70 29 36 39 54 25 99
49 39 12 4 36 20 60 45 72 1 52 59 69 10 60 32 24 62 57 70 34 27 38 56 14 67 1 24 17 41
86 14 54 15 82 94 32 2 53 50 93 27 49 8 95 7 88 5 82 66 28 40 33 33 79 82 74 15 11 90
17 11 60 2 42 19 39 77 33 72 9 89 48 73 62 43 78 38 22 33 23 66 76 58 92 76 70 88 97 97
52 30 17 4 38 51 41 23 35 28 97 55 44 67 60 87 30 100 90 99 37 28 3 80 70 9 35 13 85 82
9 82 60 72 32 24 30 49 85 39 9 99 63 92 40 44 11 9 39 42 35 50 29 4 88 63 75 59 70 15
68 23 98 29 18 66 8 42 67 88 16 15 1 14 54 34 53 31 38 71 20 60 51 18 14 82 45 8 53 46
86 68 33 22 3 86 56 91 23 88 100 59 86 42 44 81 78 50 7 88 37 87 48 71 9 94 28 75 57 51
58 90 55 71 66 43 25 91 46 51 91 59 100 58 52 47 66 78 22 21 99 28 62 65 44 17 12 29 27 6
9 63 43 81 33 38 21 99 22 69 6 79 54 17 58 81 81 98 91 61 59 44 92 18 25 101 76 69 96 44
89 98 98 57 54 93 57 97 26 55 9 36 1 31 91 87 87 23 44 101 38 64 42 27 22 73 96 79 54 21
29 19 8 70 24 84 31 69 49 88 75 28 60 97 42 94 11 57 18 85 26 1 22 98 9 94 97 61 100 74
35 99 14 101 5 48 99 32 14 34 12 68 35 89 4 45 81 76 60 81 6 66 14 84 52 48 81 83 92 1
23 48 23 49 86 99 17 60 41 32 34 89 33 6 42 56 34 62 19 17 11 75 22 69 7 72 34 78 58 46
54 66 10 53 65 50 10 87 1 32 76 52 19 7 81 89 3 1 94 19 2 82 75 20 59 96 9 27 69 27
29 48 100 77 60 31 53 3 88 4 36 95 38 98 92 45 6 10 97 49 89 79 21 59 91 63 32 53 33 53
50 13 61 71 16 8 31 12 25 37 52 52 21 78 70 16 72 29 47 85 68 74 81 90 10 67 35 11 74 47
100 89 71 26 4 6 63 86 41 16 68 8 69 98 74 13 19 93 71 68 19 37 36 1 92 91 53 50 14 39
38 87 37 15 17 38 95 65 66 87 62 49 7 99 35 71 34 36 44 51 100 41 23 9 90 11 98 9 74 78
68 84 101 80 82 50 70 93 49 67 25 41 28 10 18 17 85 66 63 81 10 56 62 10 42 54 87 32 36 62
46 48 69 47 55 39 78 52 6 13 66 49 7 27 28 86 21 99 81 42 38 86 90 8 57 11 43 39 55 46
101 56 87 85 24 94 16 78 78 18 100 100 28 62 52 80 9 50 81 5 19 20 61 89 65 50 80 55 75 48
95 86 41 86 58 37 70 54 21 8 40 85 16 26 1 69 69 80 78 69 6 26 31 89 52 30 22 62 21 31
68 77 75 34 68 35 68 83 80 21 24 49 33 25 20 46 35 50 38 65 97 96 55 76 80 98 52 53 60 63
67 4 38 36 35 28 49 78 70 24 55 54 2 16 32 55 69 87 58 97 7 19 86 72 25 96 58 62 21 99
