20
26 82 69 58 9 55 1 8 50 25 12 4 61 75 92 65 1 38 96 38
87 75 89 25 5 70 71 30 50 98 72 49 86 92 86 92 12 88 100 83
13 51 1 98 68 96 5 18 90 66 5 24 16 28 66 53 55 89 96 87
65 60 59 60 31 14 50 89 61 3 95 64 100 53 81 72 59 28 32 18
1 57 61 79 13 43 80 98 77 2 43 14 8 28 71 86 32 29 49 22
13 33 25 80 41 33 47 58 76 19 91 96 71 22 8 76 40 69 64 77
46 20 49 20 1 41 97 18 41 30 40 18 86 94 76 87 5 59 20 89
68 53 96 54 16 90 67 44 17 45 2 35 69 14 65 12 73 80 23 27
90 26 52 55 52 96 74 67 89 60 39 98 93 54 56 79 39 99 22 59
22 100 21 42 87 24 68 100 58 63 32 59 98 39 82 61 45 35 96 28
24 31 64 20 16 87 75 26 21 2 34 53 91 48 91 96 72 49 50 95
2 47 1 36 62 4 100 15 54 99 59 7 76 30 75 94 9 51 53 35
30 70 32 5 17 99 30 19 30 56 29 10 57 31 3 57 67 73 42 52
26 62 30 66 40 80 71 57 55 92 85 15 13 84 13 50 52 44 101 62
99 73 38 60 81 50 3 98 78 9 21 53 67 89 18 92 48 67 73 51
41 87 61 57 3 39 49 70 6 70 11 2 50 96 35 61 43 80 67 9
42 91 14 55 41 34 80 101 60 42 23 16 64 56 67 24 15 49 79 2
45 48 13 43 89 80 94 29 17 32 51 21 92 11 72 43 68 40 13 33
73 19 81 97 27 59 83 61 46 35 10 34 95 42 7 12 49 49 12 86
89 64 9 39 39 77 14 57 26 38 68 58 15 79 29 36 43 94 86 84
