30
78 46 7 56 15 49 82 19 70 76 49 94 66 55 35 99 32 54 61 55 82 1 54 85 77 17 93 33 71 80
20 96 83 65 61 54 24 48 101 64 94 52 33 58 11 77 89 38 49 46 78 84 98 58 28 97 47 29 4 59
100 60 17 70 33 65 85 97 67 49 91 57 28 19 51 100 96 63 90 67 82 34 80 64 77 34 7 46 61 63
54 3 71 85 16 27 64 55 4 63 18 62 81 82 72 7 42 52 78 36 48 69 30 60 58 76 99 60 17 1
58 56 15 77 20 75 100 16 91 57 19 81 9 82 45 46 56 10 64 51 21 60 67 2 78 76 68 48 98 50
31 61 11 11 85 90 93 88 44 57 15 7 99 30 31 97 3 86 46 87 100 35 101 38 46 3 91 51 40 62
69 11 66 48 27 93 76 56 39 19 22 50 18 56 80 45 30 82 20 62 37 59 46 41 96 10 81 85 16 67
74 50 63 39 84 13 42 30 24 90 19 6 1 71 67 68 73 6 12 1 6 63 60 13 26 9 94 59 61 35
90 21 37 98 90 17 93 33 29 18 87 6 1 24 45 70 8 20 57 52 41 8 16 4 78 1 80 83 94 2
73 20 22 24 71 40 16 18 45 10 92 13 38 24 61 87 10 79 73 6 83 67 37 47 52 29 86 38 69 3
99 100 97 81 13 99 84 65 67 4 40 76 67 39 76 63 80 46 52 100 76 33 70 90 79 48 59 2 10 1
74 17 20 49 8 36 42 86 58 11 24 28 21 86 23 80 14 42 50 97 18 16 12 20 8 9 3 32 28 22
15 34 98 70 80 86 81 82 72 35 42 69 30 29 79 22 65 85 94 84 70 68 54 87 63 3 60 70 5 10
98 7 93 44 62 10 2 88 79 89 49 16 59 82 83 36 46 97 26 70 69 13 46 31 98 46 89 30 55 61
37 80 48 6 70 1 8 88 26 68 67 5 1 8 99 42 37 68 2 43 76 11 17 54 94 96 84 4 36 65
96 30 8 29 7 94 6 41 100 53 94 82 101 57 41 6 23 96 7 32 74 24 13 52 39 35 34 10 44 52
32 83 52 71 88 36 49 71 95 63 20 59 55 22 34 44 62 20 64 40 67 26 30 31 74 99 50 83 98 62
3 52 89 75 68 33 100 66 90 65 60 29 73 60 70 20 14 46 42 72 23 22 43 34 88 79 23 20 91 29
21 78 82 46 98 47 55 14 28 74 94 29 60 69 81 11 5 48 86 15 39 98 74 43 25 32 6 9 61 52
17 4 52 23 96 52 35 18 96 66 15 4 70 45 85 71 89 72 35 15 86 84 99 50 59 54 58 83 93 92
19 92 12 42 42 3 56 64 62 21 43 90 60 92 71 20 58 92 60 100 42 72 50 60 44 93 91 58 44 39
100 21 64 2 72 78 54 62 71 53 18 2 20 41 19 56 97 89 38 51 80 55 16 6 5 27 84 6 53 10
45 43 21 20 92 9 18 47 56 82 41 66 30 24 22 23 6 10 92 9 11 32 52 100 56 45 80 46 10 84
100 16 79 26 3 37 32 4 91 87 24 85 64 28 5 62 10 96 97 56 47 70 2 83 4 99 66 56 91 54
97 32 55 34 22 8 30 48 51 41 49 38 46 31 32 39 33 4 21 65 18 80 96 84 64 14 80 16 61 43
54 65 100 72 12 74 9 98 37 54 44 39 74 42 11 22 33 76 88 54 58 93 60 63 20 92 85 2 46 19
63 51 81 70 60 40 37 96 33 94 1 83 39 81 68 40 21 98 52 93 23 30 97 90 68 71 45 58 85 87
88 77 100 65 76 35 98 85 65 11 43 82 46 90 99 11 50 77 84 34 66 20 81 64 81 19 46 62 42 79
18 71 12 57 8 6 41 3 20 71 101 87 46 40 39 56 17 44 64 98 15 50 48 64 81 100 26 97 57 82
27 72 70 23 46 33 34 38 74 97 14 76 19 36 8 33 98 91 22 52 71 50 40 101 69 8 27 99 20 88
