30
506 987 101 286 851 56 229 65 690 191 729 342 160 994 941 187 229 44 258 743 194 600 532 918 659 645 315 310 526 65
618 674 812 894 103 572 322 882 884 54 494 881 350 481 935 760 693 841 481 845 59 190 793 120 491 53 815 677 84 902
613 129 35 78 422 2 502 764 921 310 432 852 43 819 812 842 885 717 981 107 469 696 942 146 462 658 844 686 94 541
59 726 861 1000 516 912 786 923 214 819 305 17 111 25 55 961 771 73 125 821 469 683 556 778 671 825 152 332 55 516
880 515 498 438 424 831 698 753 675 903 360 710 212 66 115 910 73 402 585 340 352 922 274 532 430 910 220 457 888 650
544 10 379 15 358 209 37 667 676 448 194 832 262 425 459 910 588 604 469 381 313 320 837 758 969 883 108 551 763 287
776 511 682 401 629 600 302 729 13 441 998 108 774 240 446 967 940 393 628 973 444 276 721 209 431 959 574 228 936 802
676 578 998 206 792 687 493 966 697 197 240 980 663 110 173 300 640 356 625 751 285 647 27 605 275 719 564 44 570 328
586 403 540 606 815 415 153 631 665 953 610 335 187 998 126 97 480 821 778 628 566 610 565 23 74 26 146 75 243 427
884 209 58 738 139 665 568 209 998 762 665 540 814 376 901 101 294 976 108 256 993 833 891 987 424 264 271 340 208 19
53 408 901 161 685 828 461 62 672 50 506 375 842 847 783 69 4 789 525 921 804 697 623 36 805 287 774 297 129 487
36 811 158 179 455 740 122 335 693 123 625 792 819 531 374 134 696 682 702 446 633 371 636 879 211 321 595 310 477 815
993 548 911 220 299 823 839 769 356 565 229 187 998 675 23 55 266 805 434 994 773 351 884 31 5 173 501 784 622 243
351 275 28 744 814 539 796 314 793 335 700 460 666 609 444 334 165 541 351 398 581 302 576 675 996 874 640 596 441 539
326 666 165 905 234 437 433 571 546 516 512 793 797 605 803 761 694 794 239 343 291 598 424 419 48 475 141 132 597 802
180 714 228 548 644 693 436 130 155 636 25 183 648 761 615 227 641 27 554 469 196 587 575 227 956 672 706 703 948 310
258 87 74 454 925 249 461 394 288 468 74 570 289 963 299 122 454 191 386 812 912 165 939 158 521 250 868 906 641 197
491 175 338 388 680 919 90 520 248 532 271 233 985 725 970 388 23 28 941 4 448 532 730 78 321 714 274 771 558 479
524 692 304 759 876 281 757 284 478 503 586 391 696 351 385 967 275 887 828 896 27 814 437 622 51 796 154 673 811 33
125 267 606 807 371 361 240 985 268 742 921 730 10 26 700 887 478 679 997 777 174 406 1000 407 168 530 998 294 199 219
931 424 374 660 713 55 130 546 127 356 380 498 326 123 10 254 249 45 165 760 498 266 976 505 466 213 660 722 766 942
171 306 264 470 810 564 252 841 473 143 563 896 463 776 683 997 28 660 138 175 58 624 726 452 601 406 365 301 133 676
634 497 739 649 271 837 643 400 206 456 743 249 901 742 88 813 57 53 458 592 991 762 465 199 202 325 871 587 966 381
11 891 957 109 524 730 237 332 784 107 137 87 737 224 819 675 33 863 592 388 648 165 255 434 401 932 29 764 58 794
862 804 924 876 165 320 100 798 277 905 850 137 185 808 706 695 329 115 275 196 510 487 899 262 212 961 583 783 885 540
891 33 977 559 698 158 774 57 996 866 333 643 159 459 68 585 353 555 768 125 998 96 110 225 466 527 967 249 431 228
26 313 548 584 562 280 370 283 369 645 692 713 177 776 734 557 83 273 836 962 800 407 585 866 774 870 555 373 455 350
69 259 289 635 664 984 196 239 175 807 619 792 622 884 407 674 298 431 103 622 763 338 420 302 625 819 954 76 329 978
440 454 324 386 86 950 324 40 788 348 554 304 269 602 173 689 451 848 281 597 582 266 196 375 949 794 910 289 186 895
900 284 513 892 725 630 410 588 68 827 573 160 149 365 144 569 686 204 563 948 814 84 550 736 655 26 36 507 433 624
