30
300 609 784 717 341 905 432 349 320 108 176 541 781 810 28 390 228 314 212 218 996 690 813 978 237 411 472 925 216 488
432 27 309 160 479 864 391 542 574 968 542 804 223 881 221 771 894 381 359 30 995 628 11 923 255 204 519 7 525 297
332 886 286 490 929 468 454 916 493 60 235 738 279 870 97 206 832 796 159 776 486 610 530 1 813 888 408 220 945 303
983 231 939 137 429 481 604 125 553 464 476 979 880 344 840 218 224 17 992 157 59 107 152 153 202 626 703 485 648 282
673 466 560 674 641 649 756 855 480 241 196 991 620 78 296 116 732 773 106 207 32 892 652 52 608 279 973 678 441 882
678 287 64 680 49 962 998 588 993 605 409 440 383 866 661 410 604 21 671 477 326 56 240 801 827 424 803 118 377 224
239 508 531 774 686 143 320 822 522 891 690 869 942 864 691 353 788 287 249 667 572 285 543 237 854 454 298 179 394 321
534 222 760 62 568 921 303 72 323 371 679 259 229 921 336 167 276 606 639 290 6 301 554 172 494 815 64 185 612 415
738 50 137 522 122 506 479 547 888 696 82 120 886 158 818 179 550 524 873 668 310 263 981 815 942 125 996 241 17 92
140 367 895 986 461 861 896 68 279 112 615 260 705 968 515 823 492 202 247 619 792 473 349 319 601 738 258 148 941 363
811 42 83 415 629 322 354 870 105 243 315 718 861 27 372 203 892 247 117 686 793 656 924 847 755 834 626 241 235 261
302 414 495 666 470 76 409 772 248 69 227 790 258 103 206 275 346 508 292 198 386 470 255 354 737 505 982 450 144 136
803 497 129 20 75 358 157 9 404 559 147 870 191 734 112 651 436 294 967 953 948 203 819 534 407 949 276 54 936 76
572 875 96 909 552 199 509 281 830 15 488 428 640 572 382 366 204 384 535 396 650 999 42 558 765 999 724 187 167 991
978 886 651 549 454 562 776 357 706 363 1001 34 236 635 888 370 634 243 194 965 694 902 892 498 714 323 402 122 381 336
613 702 919 317 453 893 418 538 85 292 530 298 11 146 931 953 632 346 237 187 65 696 305 153 265 696 51 323 735 308
262 177 393 467 26 76 379 279 733 935 843 191 799 543 30 573 551 672 193 473 936 286 133 523 966 505 423 223 99 151
596 98 952 7 867 454 19 134 155 725 345 865 489 635 280 324 56 677 786 597 469 616 923 894 39 31 474 328 94 106
853 163 649 173 735 638 971 723 69 727 840 883 406 458 544 593 700 631 914 962 23 46 937 529 849 627 754 444 833 8
87 760 263 484 381 358 605 397 219 223 803 355 816 48 269 859 604 424 732 218 257 68 355 858 648 859 815 373 575 630
246 950 289 989 231 1001 111 616 254 128 708 796 297 787 795 160 493 226 344 881 6 609 567 784 577 381 236 139 377 280
129 93 125 569 663 990 614 367 986 50 79 192 105 172 84 55 818 795 836 737 518 103 106 88 155 30 187 485 912 798
543 766 370 984 79 299 250 349 220 4 979 908 181 463 662 975 150 459 253 168 262 581 957 625 566 711 158 876 387 551
462 152 773 511 581 87 926 591 173 43 812 97 891 573 362 330 205 715 931 563 799 140 938 966 569 367 875 293 544 524
82 477 255 410 983 463 373 834 680 907 630 443 104 597 353 572 129 701 140 797 318 197 478 209 232 114 344 644 474 420
104 321 880 679 235 671 540 834 685 291 564 729 897 305 766 220 824 572 691 997 452 513 656 456 645 515 718 265 347 159
759 441 463 757 90 84 926 922 264 102 782 170 1 552 328 779 417 449 590 380 961 154 702 50 742 702 979 838 171 671
723 7 77 471 71 457 728 139 426 44 430 12 261 822 621 889 358 404 634 532 766 946 553 628 29 481 826 560 490 597
571 601 692 675 731 391 207 190 511 805 417 808 765 574 45 236 252 266 497 112 944 481 294 356 787 385 153 774 611 925
516 856 98 342 555 35 973 847 977 867 858 557 154 874 447 62 385 46 929 226 335 224 827 77 946 842 684 912 369 782
