30
828 609 881 307 185 683 772 857 923 899 358 651 861 677 80 341 259 143 435 468 832 633 660 798 88 829 635 790 360 350
1001 120 131 830 726 449 522 770 602 825 38 742 397 428 955 710 677 556 921 530 486 23 673 925 418 410 944 482 775 817
938 464 820 59 979 486 348 464 191 354 67 699 321 612 513 295 58 589 491 803 470 7 280 727 404 430 76 691 969 108
413 483 457 22 544 911 311 159 27 639 998 325 984 431 905 46 771 464 603 346 59 645 105 447 545 89 960 702 772 194
304 287 811 977 233 475 783 592 84 509 438 211 509 398 307 675 437 163 129 599 286 342 562 852 40 798 399 576 40 118
779 174 605 171 123 938 846 594 785 222 271 273 643 373 58 118 134 789 81 656 437 816 70 266 817 392 508 85 350 605
114 891 516 593 44 497 393 461 139 483 439 124 860 267 96 269 746 857 702 834 518 798 433 688 183 134 284 443 752 415
298 549 413 52 540 112 308 575 555 92 226 573 276 824 855 385 643 999 436 815 388 574 942 440 748 237 120 293 64 379
33 971 532 732 935 470 549 96 601 295 433 835 484 624 466 48 275 598 517 611 761 21 711 476 64 11 901 941 640 414
900 783 632 11 734 431 442 836 382 615 641 125 745 139 554 722 822 733 155 958 345 111 115 333 330 710 110 520 303 730
769 500 170 437 839 878 974 879 465 671 18 439 661 113 94 915 344 283 795 9 547 592 143 457 662 435 44 150 824 550
257 987 796 879 899 328 963 988 714 256 299 324 578 45 413 883 982 518 28 51 476 218 516 707 319 558 329 840 796 372
462 264 954 547 278 209 749 646 327 835 807 703 3 973 321 611 161 635 792 765 46 97 601 901 143 587 671 279 809 889
663 657 798 406 478 702 39 477 22 784 273 995 495 308 404 621 650 16 688 151 803 920 103 822 543 800 528 595 386 436
560 752 869 987 119 294 801 192 165 996 667 338 155 117 412 116 93 103 105 847 288 792 185 701 169 952 315 865 782 172
43 800 808 425 776 46 232 827 789 215 11 407 263 107 345 935 584 121 429 80 370 389 775 492 998 283 480 543 575 244
34 837 613 91 542 736 886 225 457 479 194 419 194 682 40 93 228 252 423 276 532 43 267 635 477 767 190 289 539 982
616 295 430 186 455 990 519 336 843 617 629 306 665 905 601 117 862 503 207 959 737 480 293 308 761 277 237 711 604 800
111 978 376 572 129 896 321 121 259 709 430 15 99 941 736 228 380 341 235 744 701 15 721 592 366 22 956 714 416 994
970 345 232 573 432 836 306 718 351 70 49 163 574 921 735 591 833 398 948 306 309 428 141 467 962 419 169 158 95 42
887 865 909 911 198 135 1001 50 154 485 78 372 944 838 338 532 920 46 274 875 986 296 870 370 980 434 437 724 890 520
567 68 40 153 936 934 576 361 942 381 879 106 424 515 760 699 930 755 551 675 267 573 442 922 346 588 678 113 514 221
478 736 896 297 784 263 451 305 194 277 753 198 702 570 704 941 80 541 695 198 42 419 911 860 528 121 808 303 718 783
954 580 650 264 750 939 538 179 751 369 149 233 574 73 864 941 621 43 255 986 119 171 324 803 194 557 723 162 965 940
595 798 903 421 889 394 935 904 240 462 19 925 802 913 184 784 617 363 268 172 401 483 834 689 842 928 997 938 770 639
166 124 822 590 902 319 442 237 400 810 343 253 330 219 778 324 6 307 230 59 133 629 397 314 604 469 555 471 89 729
680 475 405 689 925 671 883 803 323 738 234 975 818 270 650 959 971 805 101 827 990 329 91 666 890 583 340 931 942 691
132 111 727 923 312 665 447 630 164 352 312 666 667 420 145 810 836 297 539 19 169 726 195 551 407 492 292 227 92 197
992 424 678 717 452 560 159 291 947 135 461 401 954 622 66 872 327 745 633 848 906 963 555 594 163 181 740 267 781 7
49 96 215 81 167 633 663 295 861 5 999 932 874 337 557 31 947 757 879 529 680 671 760 956 241 222 227 755 136 105
