30
277 732 58 717 225 468 530 160 452 548 188 377 319 609 103 890 61 640 38 398 319 334 674 71 561 890 17 810 315 850
61 695 381 855 970 134 444 406 352 401 771 14 416 595 894 323 45 216 467 82 107 876 720 80 518 845 162 377 891 448
483 476 787 528 799 262 884 460 685 843 600 464 659 638 971 186 28 323 831 790 288 506 597 43 484 216 187 127 210 595
893 165 171 378 232 688 471 37 95 541 55 691 718 947 984 128 290 720 445 592 235 870 693 127 466 66 319 664 166 713
549 136 879 599 454 293 965 380 294 31 726 365 366 379 730 338 65 467 143 405 68 123 112 103 803 930 502 254 640 862
517 286 474 864 28 29 607 975 627 197 116 859 727 59 131 855 236 18 679 897 623 92 25 930 397 533 693 659 318 54
561 761 880 423 739 904 851 378 107 193 943 127 738 901 876 894 569 576 415 258 50 927 154 273 647 37 99 587 390 830
358 54 902 831 472 588 544 649 184 206 639 734 710 543 913 301 781 274 599 521 25 218 861 332 488 80 466 491 309 87
877 721 893 986 183 55 89 136 548 757 193 716 85 396 809 213 349 976 876 753 844 182 401 950 242 154 703 284 219 348
192 247 84 377 20 716 630 935 108 318 860 151 372 749 537 998 195 293 708 599 424 19 632 566 457 396 781 701 207 299
847 682 997 667 903 610 670 257 171 485 479 268 42 22 542 790 282 368 904 333 602 615 517 906 991 196 683 389 517 542
736 178 491 584 43 341 170 994 594 762 437 237 735 16 111 825 854 962 819 358 46 268 598 233 74 381 654 112 149 653
944 516 354 616 499 158 736 653 681 872 377 519 764 237 982 480 537 278 783 29 842 829 815 430 216 429 844 560 58 869
505 801 4 727 453 947 419 526 554 376 181 350 431 963 186 47 908 470 240 370 137 398 254 659 478 537 930 941 399 694
342 534 975 338 100 544 753 145 4 824 54 676 371 302 996 667 447 747 778 686 597 351 50 113 157 744 382 700 164 274
145 177 347 697 363 661 82 601 302 830 210 204 875 107 902 367 138 343 990 929 436 718 436 740 986 862 861 994 953 419
299 702 314 543 619 456 51 54 255 798 476 255 194 835 728 618 380 948 755 848 961 701 302 48 38 319 732 971 873 332
693 586 667 260 966 466 407 430 1 696 377 302 981 320 318 900 407 544 366 215 569 175 209 691 376 48 139 136 408 406
907 703 185 483 554 752 988 762 661 751 751 651 660 543 847 561 148 597 783 612 370 104 133 460 289 37 236 981 927 508
461 779 880 61 87 784 197 745 95 387 37 68 417 880 769 220 437 157 451 141 804 941 858 316 828 981 457 396 37 999
41 12 667 336 912 381 139 550 791 573 835 437 893 544 693 229 819 295 439 929 198 764 495 38 247 317 862 151 671 941
513 145 577 496 126 968 324 650 154 236 477 336 578 150 288 860 853 439 383 996 870 334 564 711 965 806 912 340 269 532
595 357 976 356 81 68 271 203 644 871 28 687 355 900 524 904 989 209 747 138 484 817 75 475 926 242 392 531 173 383
918 819 594 849 315 456 555 109 861 215 599 63 732 137 477 894 704 215 460 303 805 849 600 518 728 91 864 637 40 896
311 208 499 852 737 133 1000 161 451 258 983 814 121 264 316 214 846 715 973 745 873 369 33 981 659 124 829 566 161 187
249 970 556 346 533 610 795 447 75 76 676 425 52 450 347 522 910 934 419 525 15 292 101 148 18 836 45 927 709 921
806 201 435 216 91 91 370 212 244 538 166 700 590 784 813 218 614 905 718 702 107 251 346 798 721 900 923 605 596 481
23 818 987 3 93 487 55 505 186 922 261 673 476 418 5 772 335 852 463 493 25 318 775 588 306 341 12 394 489 374
599 611 760 561 95 934 798 25 537 411 988 137 729 632 784 511 188 95 20 724 639 385 196 969 237 994 63 145 958 924
35 113 798 403 232 96 731 346 200 466 580 403 607 401 230 713 450 146 858 726 596 849 88 693 670 234 265 692 616 573
